#Layer_Color=9474304
#
#Feature symbol names
#
$0 r5

#
#Feature attribute names
#

#
#Layer features
#
L 0.685 1.56 0.695 1.56 0 P 0
L 0.685 1.68 0.695 1.68 0 P 0
L 0.685 1.8 0.695 1.8 0 P 0
L 0.685 1.92 0.695 1.92 0 P 0
L 0.685 2.04 0.695 2.04 0 P 0
L 0.685 2.16 0.695 2.16 0 P 0
L 0.685 2.28 0.695 2.28 0 P 0
L 0.685 2.4 0.695 2.4 0 P 0
L 0.685 2.52 0.695 2.52 0 P 0
L 0.685 2.64 0.695 2.64 0 P 0
L 0.69 1.555 0.69 1.565 0 P 0
L 0.69 1.675 0.69 1.685 0 P 0
L 0.69 1.795 0.69 1.805 0 P 0
L 0.69 1.915 0.69 1.925 0 P 0
L 0.69 2.035 0.69 2.045 0 P 0
L 0.69 2.155 0.69 2.165 0 P 0
L 0.69 2.275 0.69 2.285 0 P 0
L 0.69 2.395 0.69 2.405 0 P 0
L 0.69 2.515 0.69 2.525 0 P 0
L 0.69 2.635 0.69 2.645 0 P 0
L 0.71378 0.767716 0.81378 0.767716 0 P 0
L 0.71378 1.338582 0.81378 1.338582 0 P 0
L 0.71378 2.8937 0.81378 2.8937 0 P 0
L 0.745 0.675 0.755 0.675 0 P 0
L 0.745 1.425 0.755 1.425 0 P 0
L 0.745 2.775 0.755 2.775 0 P 0
L 0.75 0.67 0.75 0.68 0 P 0
L 0.75 1.42 0.75 1.43 0 P 0
L 0.75 2.77 0.75 2.78 0 P 0
L 0.76378 0.717716 0.76378 0.817716 0 P 0
L 0.76378 1.288582 0.76378 1.388582 0 P 0
L 0.76378 2.8437 0.76378 2.9437 0 P 0
L 0.775 1.65 0.785 1.65 0 P 0
L 0.778 1.702 0.788 1.702 0 P 0
L 0.78 1.645 0.78 1.655 0 P 0
L 0.783 1.697 0.783 1.707 0 P 0
L 0.8128976 1.9062441 0.8228976 1.9062441 0 P 0
L 0.8178976 1.9012441 0.8178976 1.9112441 0 P 0
L 0.82 0.675 0.83 0.675 0 P 0
L 0.82 0.825 0.83 0.825 0 P 0
L 0.82 0.975 0.83 0.975 0 P 0
L 0.82 1.125 0.83 1.125 0 P 0
L 0.82 1.275 0.83 1.275 0 P 0
L 0.82 2.569 0.83 2.569 0 P 0
L 0.82 2.775 0.83 2.775 0 P 0
L 0.825 0.67 0.825 0.68 0 P 0
L 0.825 0.82 0.825 0.83 0 P 0
L 0.825 0.97 0.825 0.98 0 P 0
L 0.825 1.12 0.825 1.13 0 P 0
L 0.825 1.27 0.825 1.28 0 P 0
L 0.825 2.564 0.825 2.574 0 P 0
L 0.825 2.77 0.825 2.78 0 P 0
L 0.843 2.317 0.853 2.317 0 P 0
L 0.848 2.312 0.848 2.322 0 P 0
L 0.8512835 1.9160866 0.8612835 1.9160866 0 P 0
L 0.8562835 1.9110866 0.8562835 1.9210866 0 P 0
L 0.8575 0.75 0.8675 0.75 0 P 0
L 0.8575 0.9 0.8675 0.9 0 P 0
L 0.8575 1.05 0.8675 1.05 0 P 0
L 0.8575 2.85 0.8675 2.85 0 P 0
L 0.8625 0.745 0.8625 0.755 0 P 0
L 0.8625 0.895 0.8625 0.905 0 P 0
L 0.8625 1.045 0.8625 1.055 0 P 0
L 0.8625 2.845 0.8625 2.855 0 P 0
L 0.8670472 2.1938976 0.8770472 2.1938976 0 P 0
L 0.8709843 2.1003937 0.8809843 2.1003937 0 P 0
L 0.8719528 1.7359685 0.8819528 1.7359685 0 P 0
L 0.8719685 2.1496063 0.8819685 2.1496063 0 P 0
L 0.8720472 2.1888976 0.8720472 2.1988976 0 P 0
L 0.873 2.342 0.883 2.342 0 P 0
L 0.8737559 2.2752441 0.8837559 2.2752441 0 P 0
L 0.8749213 2.3937008 0.8849213 2.3937008 0 P 0
L 0.8759843 2.0953937 0.8759843 2.1053937 0 P 0
L 0.8769528 1.7309685 0.8769528 1.7409685 0 P 0
L 0.8769685 2.1446063 0.8769685 2.1546063 0 P 0
L 0.878 2.337 0.878 2.347 0 P 0
L 0.8787559 2.2702441 0.8787559 2.2802441 0 P 0
L 0.8799213 2.3887008 0.8799213 2.3987008 0 P 0
L 0.8827953 2.492126 0.8927953 2.492126 0 P 0
L 0.8877953 2.487126 0.8877953 2.497126 0 P 0
L 0.895 0.825 0.905 0.825 0 P 0
L 0.895 0.975 0.905 0.975 0 P 0
L 0.895 1.5 0.905 1.5 0 P 0
L 0.895 2.775 0.905 2.775 0 P 0
L 0.895 2.925 0.905 2.925 0 P 0
L 0.9 0.82 0.9 0.83 0 P 0
L 0.9 0.97 0.9 0.98 0 P 0
L 0.9 1.495 0.9 1.505 0 P 0
L 0.9 2.77 0.9 2.78 0 P 0
L 0.9 2.92 0.9 2.93 0 P 0
L 0.921 1.725 0.931 1.725 0 P 0
L 0.925 1.472 0.935 1.472 0 P 0
L 0.926 1.72 0.926 1.73 0 P 0
L 0.93 1.467 0.93 1.477 0 P 0
L 0.931 1.664 0.941 1.664 0 P 0
L 0.9325 0.9 0.9425 0.9 0 P 0
L 0.9325 1.05 0.9425 1.05 0 P 0
L 0.9325 2.85 0.9425 2.85 0 P 0
L 0.936 1.659 0.936 1.669 0 P 0
L 0.9375 0.895 0.9375 0.905 0 P 0
L 0.9375 1.045 0.9375 1.055 0 P 0
L 0.9375 2.845 0.9375 2.855 0 P 0
L 0.9599401 1.3189094 0.9699401 1.3189094 0 P 0
L 0.9606328 0.5442316 0.9706328 0.5442316 0 P 0
L 0.9649401 1.3139094 0.9649401 1.3239094 0 P 0
L 0.9656328 0.5392316 0.9656328 0.5492316 0 P 0
L 0.97 0.975 0.98 0.975 0 P 0
L 0.97 2.775 0.98 2.775 0 P 0
L 0.97 2.925 0.98 2.925 0 P 0
L 0.974 1.914 0.984 1.914 0 P 0
L 0.9747403 0.694024 1.0141103 0.694024 0 P 0
L 0.975 0.97 0.975 0.98 0 P 0
L 0.975 2.77 0.975 2.78 0 P 0
L 0.975 2.92 0.975 2.93 0 P 0
L 0.979 1.909 0.979 1.919 0 P 0
L 0.983189 2.0314961 0.993189 2.0314961 0 P 0
L 0.985 1.974 0.995 1.974 0 P 0
L 0.988189 2.0264961 0.988189 2.0364961 0 P 0
L 0.99 1.969 0.99 1.979 0 P 0
L 0.9910193 2.368981 1.0010193 2.368981 0 P 0
L 0.994 2.473 1.004 2.473 0 P 0
L 0.9944253 0.674339 0.9944253 0.713709 0 P 0
L 0.9960193 2.363981 0.9960193 2.373981 0 P 0
L 0.999 1.319 1.009 1.319 0 P 0
L 0.999 2.468 0.999 2.478 0 P 0
L 1.004 1.314 1.004 1.324 0 P 0
L 1.0075 0.9 1.0175 0.9 0 P 0
L 1.0075 1.05 1.0175 1.05 0 P 0
L 1.0075 2.85 1.0175 2.85 0 P 0
L 1.0075 3 1.0175 3 0 P 0
L 1.0125 0.895 1.0125 0.905 0 P 0
L 1.0125 1.045 1.0125 1.055 0 P 0
L 1.0125 2.845 1.0125 2.855 0 P 0
L 1.0125 2.995 1.0125 3.005 0 P 0
L 1.0156328 0.5432316 1.0256328 0.5432316 0 P 0
L 1.0200784 1.9020784 1.0300784 1.9020784 0 P 0
L 1.0206328 0.5382316 1.0206328 0.5482316 0 P 0
L 1.0250784 1.8970784 1.0250784 1.9070784 0 P 0
L 1.0328112 0.6694177 1.0544646 0.6694177 0 P 0
L 1.0328112 0.7186303 1.0544646 0.7186303 0 P 0
L 1.0369401 1.3169094 1.0469401 1.3169094 0 P 0
L 1.0419401 1.3119094 1.0419401 1.3219094 0 P 0
L 1.0436379 0.658591 1.0436379 0.6802444 0 P 0
L 1.0436379 0.7078036 1.0436379 0.729457 0 P 0
L 1.045 0.975 1.055 0.975 0 P 0
L 1.045 2.625 1.055 2.625 0 P 0
L 1.045 2.775 1.055 2.775 0 P 0
L 1.05 0.97 1.05 0.98 0 P 0
L 1.05 2.62 1.05 2.63 0 P 0
L 1.05 2.77 1.05 2.78 0 P 0
L 1.052 2.283 1.062 2.283 0 P 0
L 1.057 2.278 1.057 2.288 0 P 0
L 1.06 1.68 1.07 1.68 0 P 0
L 1.061 2.47 1.071 2.47 0 P 0
L 1.0629134 1.7765748 1.0729134 1.7765748 0 P 0
L 1.065 1.675 1.065 1.685 0 P 0
L 1.066 2.465 1.066 2.475 0 P 0
L 1.0679134 1.7715748 1.0679134 1.7815748 0 P 0
L 1.07 1.45 1.08 1.45 0 P 0
L 1.07 1.55 1.08 1.55 0 P 0
L 1.0717717 2.1190945 1.0817717 2.1190945 0 P 0
L 1.075 1.445 1.075 1.455 0 P 0
L 1.075 1.545 1.075 1.555 0 P 0
L 1.075 1.65 1.085 1.65 0 P 0
L 1.0756328 0.5432316 1.0856328 0.5432316 0 P 0
L 1.0767717 2.1140945 1.0767717 2.1240945 0 P 0
L 1.08 1.645 1.08 1.655 0 P 0
L 1.0806328 0.5382316 1.0806328 0.5482316 0 P 0
L 1.081 2.285 1.091 2.285 0 P 0
L 1.0820238 0.6694177 1.1036772 0.6694177 0 P 0
L 1.0820238 0.7186303 1.1036772 0.7186303 0 P 0
L 1.0825 1.05 1.0925 1.05 0 P 0
L 1.0825 2.55 1.0925 2.55 0 P 0
L 1.0825 3 1.0925 3 0 P 0
L 1.083858 0.905512 1.183858 0.905512 0 P 0
L 1.086 2.28 1.086 2.29 0 P 0
L 1.0875 1.045 1.0875 1.055 0 P 0
L 1.0875 2.545 1.0875 2.555 0 P 0
L 1.0875 2.995 1.0875 3.005 0 P 0
L 1.087796 2.661418 1.187796 2.661418 0 P 0
L 1.09 1.68 1.1 1.68 0 P 0
L 1.0928505 0.658591 1.0928505 0.6802444 0 P 0
L 1.0928505 0.7078036 1.0928505 0.729457 0 P 0
L 1.095 1.2 1.105 1.2 0 P 0
L 1.095 1.5 1.105 1.5 0 P 0
L 1.095 1.675 1.095 1.685 0 P 0
L 1.095 1.832 1.105 1.832 0 P 0
L 1.1 1.195 1.1 1.205 0 P 0
L 1.1 1.495 1.1 1.505 0 P 0
L 1.1 1.827 1.1 1.837 0 P 0
L 1.105 1.65 1.115 1.65 0 P 0
L 1.11 1.309 1.12 1.309 0 P 0
L 1.11 1.645 1.11 1.655 0 P 0
L 1.11 2.469 1.12 2.469 0 P 0
L 1.113 1.409 1.123 1.409 0 P 0
L 1.115 1.304 1.115 1.314 0 P 0
L 1.115 2.464 1.115 2.474 0 P 0
L 1.118 1.404 1.118 1.414 0 P 0
L 1.119 2.157 1.129 2.157 0 P 0
L 1.12 1.25 1.13 1.25 0 P 0
L 1.12 1.45 1.13 1.45 0 P 0
L 1.12 1.55 1.13 1.55 0 P 0
L 1.12 1.68 1.13 1.68 0 P 0
L 1.12 2.023 1.13 2.023 0 P 0
L 1.12 2.775 1.13 2.775 0 P 0
L 1.12 2.925 1.13 2.925 0 P 0
L 1.12 3.075 1.13 3.075 0 P 0
L 1.124 2.152 1.124 2.162 0 P 0
L 1.125 1.245 1.125 1.255 0 P 0
L 1.125 1.445 1.125 1.455 0 P 0
L 1.125 1.545 1.125 1.555 0 P 0
L 1.125 1.675 1.125 1.685 0 P 0
L 1.125 2.018 1.125 2.028 0 P 0
L 1.125 2.77 1.125 2.78 0 P 0
L 1.125 2.92 1.125 2.93 0 P 0
L 1.125 3.07 1.125 3.08 0 P 0
L 1.1312364 0.6694177 1.1528898 0.6694177 0 P 0
L 1.1312364 0.7186303 1.1528898 0.7186303 0 P 0
L 1.133858 0.855512 1.133858 0.955512 0 P 0
L 1.1356328 0.5432316 1.1456328 0.5432316 0 P 0
L 1.137796 2.611418 1.137796 2.711418 0 P 0
L 1.1406328 0.5382316 1.1406328 0.5482316 0 P 0
L 1.1420631 0.658591 1.1420631 0.6802444 0 P 0
L 1.1420631 0.7078036 1.1420631 0.729457 0 P 0
L 1.143 1.833 1.153 1.833 0 P 0
L 1.148 1.828 1.148 1.838 0 P 0
L 1.1524803 1.8011811 1.1624803 1.8011811 0 P 0
L 1.1574803 1.7961811 1.1574803 1.8061811 0 P 0
L 1.1575 1.05 1.1675 1.05 0 P 0
L 1.1575 2.55 1.1675 2.55 0 P 0
L 1.1575 2.85 1.1675 2.85 0 P 0
L 1.1575 3 1.1675 3 0 P 0
L 1.1575 3.15 1.1675 3.15 0 P 0
L 1.1575 3.3 1.1675 3.3 0 P 0
L 1.1575 3.45 1.1675 3.45 0 P 0
L 1.1575 3.6 1.1675 3.6 0 P 0
L 1.1575 3.75 1.1675 3.75 0 P 0
L 1.1575 3.9 1.1675 3.9 0 P 0
L 1.1575 4.05 1.1675 4.05 0 P 0
L 1.1613386 2.0393701 1.1713386 2.0393701 0 P 0
L 1.1625 1.045 1.1625 1.055 0 P 0
L 1.1625 2.545 1.1625 2.555 0 P 0
L 1.1625 2.845 1.1625 2.855 0 P 0
L 1.1625 2.995 1.1625 3.005 0 P 0
L 1.1625 3.145 1.1625 3.155 0 P 0
L 1.1625 3.295 1.1625 3.305 0 P 0
L 1.1625 3.445 1.1625 3.455 0 P 0
L 1.1625 3.595 1.1625 3.605 0 P 0
L 1.1625 3.745 1.1625 3.755 0 P 0
L 1.1625 3.895 1.1625 3.905 0 P 0
L 1.1625 4.045 1.1625 4.055 0 P 0
L 1.1663386 2.0343701 1.1663386 2.0443701 0 P 0
L 1.1800394 1.75 1.1900394 1.75 0 P 0
L 1.180449 0.6694177 1.2021024 0.6694177 0 P 0
L 1.180449 0.7186303 1.2021024 0.7186303 0 P 0
L 1.1850394 1.745 1.1850394 1.755 0 P 0
L 1.18622 4.070866 1.28622 4.070866 0 P 0
L 1.1912757 0.658591 1.1912757 0.6802444 0 P 0
L 1.1912757 0.7078036 1.1912757 0.729457 0 P 0
L 1.195 0.975 1.205 0.975 0 P 0
L 1.1956328 0.5432316 1.2056328 0.5432316 0 P 0
L 1.2 0.97 1.2 0.98 0 P 0
L 1.2006328 0.5382316 1.2006328 0.5482316 0 P 0
L 1.2282677 2.4005906 1.2382677 2.4005906 0 P 0
L 1.2296616 0.6694177 1.251315 0.6694177 0 P 0
L 1.2296616 0.7186303 1.251315 0.7186303 0 P 0
L 1.23 2.99 1.24 2.99 0 P 0
L 1.23 3.12 1.24 3.12 0 P 0
L 1.23 3.25 1.24 3.25 0 P 0
L 1.23 3.38 1.24 3.38 0 P 0
L 1.23 3.51 1.24 3.51 0 P 0
L 1.23 3.64 1.24 3.64 0 P 0
L 1.23 3.9 1.24 3.9 0 P 0
L 1.232 3.802 1.242 3.802 0 P 0
L 1.2325 0.9 1.2425 0.9 0 P 0
L 1.2325 1.05 1.2425 1.05 0 P 0
L 1.2325 2.7 1.2425 2.7 0 P 0
L 1.2332677 2.3955906 1.2332677 2.4055906 0 P 0
L 1.235 2.985 1.235 2.995 0 P 0
L 1.235 3.115 1.235 3.125 0 P 0
L 1.235 3.245 1.235 3.255 0 P 0
L 1.235 3.375 1.235 3.385 0 P 0
L 1.235 3.505 1.235 3.515 0 P 0
L 1.235 3.635 1.235 3.645 0 P 0
L 1.235 3.895 1.235 3.905 0 P 0
L 1.236126 1.856 1.246126 1.856 0 P 0
L 1.23622 4.020866 1.23622 4.120866 0 P 0
L 1.237 3.797 1.237 3.807 0 P 0
L 1.2375 0.895 1.2375 0.905 0 P 0
L 1.2375 1.045 1.2375 1.055 0 P 0
L 1.2375 2.695 1.2375 2.705 0 P 0
L 1.2404883 0.658591 1.2404883 0.6802444 0 P 0
L 1.2404883 0.7078036 1.2404883 0.729457 0 P 0
L 1.241063 1.6702756 1.251063 1.6702756 0 P 0
L 1.241126 1.851 1.241126 1.861 0 P 0
L 1.246063 1.6652756 1.246063 1.6752756 0 P 0
L 1.2481758 2.1581758 1.2581758 2.1581758 0 P 0
L 1.2531758 2.1531758 1.2531758 2.1631758 0 P 0
L 1.2556328 0.5432316 1.2656328 0.5432316 0 P 0
L 1.2604939 3.4154939 1.2704939 3.4154939 0 P 0
L 1.2606328 0.5382316 1.2606328 0.5482316 0 P 0
L 1.260748 2.3996063 1.270748 2.3996063 0 P 0
L 1.2625 3.185 1.2725 3.185 0 P 0
L 1.2654939 3.4104939 1.2654939 3.4204939 0 P 0
L 1.265748 2.3946063 1.265748 2.4046063 0 P 0
L 1.2675 3.18 1.2675 3.19 0 P 0
L 1.27 0.975 1.28 0.975 0 P 0
L 1.275 0.97 1.275 0.98 0 P 0
L 1.2788742 0.6694177 1.3005276 0.6694177 0 P 0
L 1.2788742 0.7186303 1.3005276 0.7186303 0 P 0
L 1.281 3.436 1.291 3.436 0 P 0
L 1.285 2.76 1.295 2.76 0 P 0
L 1.286 3.431 1.286 3.441 0 P 0
L 1.2897009 0.658591 1.2897009 0.6802444 0 P 0
L 1.2897009 0.7078036 1.2897009 0.729457 0 P 0
L 1.29 2.755 1.29 2.765 0 P 0
L 1.2920091 3.5820091 1.3020091 3.5820091 0 P 0
L 1.293 3.103 1.303 3.103 0 P 0
L 1.295 2.86 1.305 2.86 0 P 0
L 1.295 3.25 1.305 3.25 0 P 0
L 1.2970091 3.5770091 1.2970091 3.5870091 0 P 0
L 1.298 3.098 1.298 3.108 0 P 0
L 1.3 2.855 1.3 2.865 0 P 0
L 1.3 3.245 1.3 3.255 0 P 0
L 1.306 2.351 1.316 2.351 0 P 0
L 1.307 1.855 1.317 1.855 0 P 0
L 1.307 2.907 1.317 2.907 0 P 0
L 1.3075 0.9 1.3175 0.9 0 P 0
L 1.3075 1.05 1.3175 1.05 0 P 0
L 1.3075 2.4 1.3175 2.4 0 P 0
L 1.3075 4.05 1.3175 4.05 0 P 0
L 1.311 2.346 1.311 2.356 0 P 0
L 1.312 1.85 1.312 1.86 0 P 0
L 1.312 2.902 1.312 2.912 0 P 0
L 1.3125 0.895 1.3125 0.905 0 P 0
L 1.3125 1.045 1.3125 1.055 0 P 0
L 1.3125 2.395 1.3125 2.405 0 P 0
L 1.3125 4.045 1.3125 4.055 0 P 0
L 1.3156328 0.5432316 1.3256328 0.5432316 0 P 0
L 1.3206328 0.5382316 1.3206328 0.5482316 0 P 0
L 1.3247244 2.5098425 1.3347244 2.5098425 0 P 0
L 1.3262628 3.1636173 1.3362628 3.1636173 0 P 0
L 1.3275 3.965 1.3375 3.965 0 P 0
L 1.328 2.051 1.338 2.051 0 P 0
L 1.3280868 0.6694177 1.3497402 0.6694177 0 P 0
L 1.3280868 0.7186303 1.3497402 0.7186303 0 P 0
L 1.3290218 3.7291088 1.3390218 3.7291088 0 P 0
L 1.3297244 2.5048425 1.3297244 2.5148425 0 P 0
L 1.3312628 3.1586173 1.3312628 3.1686173 0 P 0
L 1.3325 3.96 1.3325 3.97 0 P 0
L 1.333 2.046 1.333 2.056 0 P 0
L 1.3340218 3.7241088 1.3340218 3.7341088 0 P 0
L 1.3389135 0.658591 1.3389135 0.6802444 0 P 0
L 1.3389135 0.7078036 1.3389135 0.729457 0 P 0
L 1.3422677 1.2401575 1.3742677 1.2401575 0 P 0
L 1.3422677 1.5401575 1.3742677 1.5401575 0 P 0
L 1.344 3.328 1.354 3.328 0 P 0
L 1.345 0.975 1.355 0.975 0 P 0
L 1.345 2.76 1.355 2.76 0 P 0
L 1.345 4.125 1.355 4.125 0 P 0
L 1.349 3.323 1.349 3.333 0 P 0
L 1.35 0.97 1.35 0.98 0 P 0
L 1.35 2.755 1.35 2.765 0 P 0
L 1.35 4.12 1.35 4.13 0 P 0
L 1.354 3.749 1.364 3.749 0 P 0
L 1.3582677 1.2241575 1.3582677 1.2561575 0 P 0
L 1.3582677 1.5241575 1.3582677 1.5561575 0 P 0
L 1.359 3.744 1.359 3.754 0 P 0
L 1.3593342 3.1637831 1.3693342 3.1637831 0 P 0
L 1.36 2.86 1.37 2.86 0 P 0
L 1.362 3.938 1.372 3.938 0 P 0
L 1.3643342 3.1587831 1.3643342 3.1687831 0 P 0
L 1.365 2.855 1.365 2.865 0 P 0
L 1.367 3.933 1.367 3.943 0 P 0
L 1.3670698 3.8152406 1.3770698 3.8152406 0 P 0
L 1.3680315 2.2568898 1.3780315 2.2568898 0 P 0
L 1.371 2.972 1.381 2.972 0 P 0
L 1.3720698 3.8102406 1.3720698 3.8202406 0 P 0
L 1.3730315 2.2518898 1.3730315 2.2618898 0 P 0
L 1.374 3.3 1.384 3.3 0 P 0
L 1.3756328 0.5432316 1.3856328 0.5432316 0 P 0
L 1.376 2.967 1.376 2.977 0 P 0
L 1.3772994 0.6694177 1.3989528 0.6694177 0 P 0
L 1.3772994 0.7186303 1.3989528 0.7186303 0 P 0
L 1.3773394 3.7753394 1.3873394 3.7753394 0 P 0
L 1.379 3.295 1.379 3.305 0 P 0
L 1.3806328 0.5382316 1.3806328 0.5482316 0 P 0
L 1.3823394 3.7703394 1.3823394 3.7803394 0 P 0
L 1.3825 0.9 1.3925 0.9 0 P 0
L 1.3825 1.05 1.3925 1.05 0 P 0
L 1.3839154 3.497 1.3939154 3.497 0 P 0
L 1.3875 0.895 1.3875 0.905 0 P 0
L 1.3875 1.045 1.3875 1.055 0 P 0
L 1.3881261 0.658591 1.3881261 0.6802444 0 P 0
L 1.3881261 0.7078036 1.3881261 0.729457 0 P 0
L 1.3889154 3.492 1.3889154 3.502 0 P 0
L 1.391 3.602 1.401 3.602 0 P 0
L 1.392 3.103 1.402 3.103 0 P 0
L 1.3925 3.055 1.4025 3.055 0 P 0
L 1.3925 3.705 1.4025 3.705 0 P 0
L 1.3925 3.965 1.4025 3.965 0 P 0
L 1.394 3.826 1.404 3.826 0 P 0
L 1.395 3.257 1.405 3.257 0 P 0
L 1.396 3.597 1.396 3.607 0 P 0
L 1.397 3.098 1.397 3.108 0 P 0
L 1.3975 3.05 1.3975 3.06 0 P 0
L 1.3975 3.7 1.3975 3.71 0 P 0
L 1.3975 3.96 1.3975 3.97 0 P 0
L 1.399 3.821 1.399 3.831 0 P 0
L 1.4 2.053 1.41 2.053 0 P 0
L 1.4 3.252 1.4 3.262 0 P 0
L 1.402 2.925 1.412 2.925 0 P 0
L 1.405 2.048 1.405 2.058 0 P 0
L 1.405 2.76 1.415 2.76 0 P 0
L 1.406 3.555 1.416 3.555 0 P 0
L 1.407 2.92 1.407 2.93 0 P 0
L 1.4089932 2.5600068 1.4189932 2.5600068 0 P 0
L 1.409 2.608 1.419 2.608 0 P 0
L 1.41 2.755 1.41 2.765 0 P 0
L 1.411 3.55 1.411 3.56 0 P 0
L 1.413 3.448 1.423 3.448 0 P 0
L 1.4139932 2.5550068 1.4139932 2.5650068 0 P 0
L 1.414 2.603 1.414 2.613 0 P 0
L 1.4176537 0.694024 1.4570237 0.694024 0 P 0
L 1.418 3.443 1.418 3.453 0 P 0
L 1.42 4.125 1.43 4.125 0 P 0
L 1.423491 3.164 1.433491 3.164 0 P 0
L 1.425 4.12 1.425 4.13 0 P 0
L 1.428 2.946 1.438 2.946 0 P 0
L 1.428491 3.159 1.428491 3.169 0 P 0
L 1.432 4.04 1.442 4.04 0 P 0
L 1.433 2.941 1.433 2.951 0 P 0
L 1.434 3.8352406 1.444 3.8352406 0 P 0
L 1.4356328 0.5432316 1.4456328 0.5432316 0 P 0
L 1.437 4.035 1.437 4.045 0 P 0
L 1.4373387 0.674339 1.4373387 0.713709 0 P 0
L 1.439 3.8302406 1.439 3.8402406 0 P 0
L 1.4406328 0.5382316 1.4406328 0.5482316 0 P 0
L 1.442 3.559 1.452 3.559 0 P 0
L 1.4422677 1.2401575 1.4742677 1.2401575 0 P 0
L 1.4422677 1.5401575 1.4742677 1.5401575 0 P 0
L 1.447 3.554 1.447 3.564 0 P 0
L 1.457 2.506 1.467 2.506 0 P 0
L 1.4575 0.9 1.4675 0.9 0 P 0
L 1.4575 1.05 1.4675 1.05 0 P 0
L 1.4575 3.055 1.4675 3.055 0 P 0
L 1.4575 3.965 1.4675 3.965 0 P 0
L 1.4582677 1.2241575 1.4582677 1.2561575 0 P 0
L 1.4582677 1.5241575 1.4582677 1.5561575 0 P 0
L 1.458924 3.164 1.468924 3.164 0 P 0
L 1.462 2.501 1.462 2.511 0 P 0
L 1.4625 0.895 1.4625 0.905 0 P 0
L 1.4625 1.045 1.4625 1.055 0 P 0
L 1.4625 3.05 1.4625 3.06 0 P 0
L 1.4625 3.96 1.4625 3.97 0 P 0
L 1.463 2.259 1.473 2.259 0 P 0
L 1.463924 3.159 1.463924 3.169 0 P 0
L 1.465 2.76 1.475 2.76 0 P 0
L 1.468 2.254 1.468 2.264 0 P 0
L 1.468 2.327 1.478 2.327 0 P 0
L 1.468 2.378 1.478 2.378 0 P 0
L 1.47 2.755 1.47 2.765 0 P 0
L 1.473 2.322 1.473 2.332 0 P 0
L 1.473 2.373 1.473 2.383 0 P 0
L 1.479459 2.5977078 1.489459 2.5977078 0 P 0
L 1.484459 2.5927078 1.484459 2.6027078 0 P 0
L 1.4849096 2.0964567 1.4949096 2.0964567 0 P 0
L 1.488 3.104 1.498 3.104 0 P 0
L 1.489 1.581 1.499 1.581 0 P 0
L 1.4899096 2.0914567 1.4899096 2.1014567 0 P 0
L 1.49 3.25 1.5 3.25 0 P 0
L 1.49 4.03 1.5 4.03 0 P 0
L 1.493 3.099 1.493 3.109 0 P 0
L 1.494 1.576 1.494 1.586 0 P 0
L 1.495 3.245 1.495 3.255 0 P 0
L 1.495 4.025 1.495 4.035 0 P 0
L 1.495 4.125 1.505 4.125 0 P 0
L 1.4956328 0.5432316 1.5056328 0.5432316 0 P 0
L 1.5 4.12 1.5 4.13 0 P 0
L 1.5006328 0.5382316 1.5006328 0.5482316 0 P 0
L 1.504 2.659 1.514 2.659 0 P 0
L 1.509 2.654 1.509 2.664 0 P 0
L 1.512 2.2636928 1.522 2.2636928 0 P 0
L 1.513413 3.163 1.523413 3.163 0 P 0
L 1.517 2.2586928 1.517 2.2686928 0 P 0
L 1.518 2.939 1.528 2.939 0 P 0
L 1.518413 3.158 1.518413 3.168 0 P 0
L 1.52 2.231 1.53 2.231 0 P 0
L 1.5225 3.965 1.5325 3.965 0 P 0
L 1.523 2.934 1.523 2.944 0 P 0
L 1.525 2.226 1.525 2.236 0 P 0
L 1.525 2.76 1.535 2.76 0 P 0
L 1.5275 3.96 1.5275 3.97 0 P 0
L 1.53 2.755 1.53 2.765 0 P 0
L 1.5325 0.9 1.5425 0.9 0 P 0
L 1.5325 1.05 1.5425 1.05 0 P 0
L 1.5325 2.1 1.5425 2.1 0 P 0
L 1.534 3.315 1.544 3.315 0 P 0
L 1.5375 0.895 1.5375 0.905 0 P 0
L 1.5375 1.045 1.5375 1.055 0 P 0
L 1.5375 2.095 1.5375 2.105 0 P 0
L 1.538 2.658 1.548 2.658 0 P 0
L 1.539 3.31 1.539 3.32 0 P 0
L 1.5422677 1.2401575 1.5742677 1.2401575 0 P 0
L 1.5422677 1.5401575 1.5742677 1.5401575 0 P 0
L 1.543 2.653 1.543 2.663 0 P 0
L 1.546 3.618 1.556 3.618 0 P 0
L 1.54725 3.70275 1.55725 3.70275 0 P 0
L 1.548 2.927 1.558 2.927 0 P 0
L 1.551 3.613 1.551 3.623 0 P 0
L 1.55225 3.69775 1.55225 3.70775 0 P 0
L 1.553 2.922 1.553 2.932 0 P 0
L 1.5534124 3.1637175 1.5634124 3.1637175 0 P 0
L 1.555 0.54 1.565 0.54 0 P 0
L 1.555 3.9 1.565 3.9 0 P 0
L 1.555 4.03 1.565 4.03 0 P 0
L 1.5582677 1.2241575 1.5582677 1.2561575 0 P 0
L 1.5582677 1.5241575 1.5582677 1.5561575 0 P 0
L 1.5584124 3.1587175 1.5584124 3.1687175 0 P 0
L 1.56 0.535 1.56 0.545 0 P 0
L 1.56 3.856 1.57 3.856 0 P 0
L 1.56 3.895 1.56 3.905 0 P 0
L 1.56 4.025 1.56 4.035 0 P 0
L 1.565 3.851 1.565 3.861 0 P 0
L 1.57 0.975 1.58 0.975 0 P 0
L 1.57 4.125 1.58 4.125 0 P 0
L 1.575 0.97 1.575 0.98 0 P 0
L 1.575 3.563 1.585 3.563 0 P 0
L 1.575 4.12 1.575 4.13 0 P 0
L 1.576 2.568 1.586 2.568 0 P 0
L 1.58 3.558 1.58 3.568 0 P 0
L 1.581 2.563 1.581 2.573 0 P 0
L 1.585 2.76 1.595 2.76 0 P 0
L 1.59 2.755 1.59 2.765 0 P 0
L 1.598 2.932 1.608 2.932 0 P 0
L 1.601 3.246 1.611 3.246 0 P 0
L 1.603 2.927 1.603 2.937 0 P 0
L 1.604252 2.0905512 1.614252 2.0905512 0 P 0
L 1.606 3.241 1.606 3.251 0 P 0
L 1.6075 0.9 1.6175 0.9 0 P 0
L 1.6075 1.05 1.6175 1.05 0 P 0
L 1.6091732 2.1870079 1.6191732 2.1870079 0 P 0
L 1.609252 2.0855512 1.609252 2.0955512 0 P 0
L 1.6125 0.895 1.6125 0.905 0 P 0
L 1.6125 1.045 1.6125 1.055 0 P 0
L 1.6141732 2.1820079 1.6141732 2.1920079 0 P 0
L 1.615 0.54 1.625 0.54 0 P 0
L 1.62 0.535 1.62 0.545 0 P 0
L 1.62 3.64 1.63 3.64 0 P 0
L 1.62 3.9 1.63 3.9 0 P 0
L 1.621 3.141 1.631 3.141 0 P 0
L 1.625 3.635 1.625 3.645 0 P 0
L 1.625 3.895 1.625 3.905 0 P 0
L 1.626 3.136 1.626 3.146 0 P 0
L 1.63 3.489 1.64 3.489 0 P 0
L 1.631 3.448 1.641 3.448 0 P 0
L 1.632 3.013 1.642 3.013 0 P 0
L 1.6325 3.57 1.6425 3.57 0 P 0
L 1.634 2.614 1.644 2.614 0 P 0
L 1.635 3.484 1.635 3.494 0 P 0
L 1.636 3.443 1.636 3.453 0 P 0
L 1.637 3.008 1.637 3.018 0 P 0
L 1.6375 3.565 1.6375 3.575 0 P 0
L 1.6387008 2.0905512 1.6487008 2.0905512 0 P 0
L 1.639 2.609 1.639 2.619 0 P 0
L 1.6422677 1.2401575 1.6742677 1.2401575 0 P 0
L 1.6422677 1.5401575 1.6742677 1.5401575 0 P 0
L 1.6437008 2.0855512 1.6437008 2.0955512 0 P 0
L 1.645 0.975 1.655 0.975 0 P 0
L 1.645 4.125 1.655 4.125 0 P 0
L 1.65 0.97 1.65 0.98 0 P 0
L 1.65 1.962 1.66 1.962 0 P 0
L 1.65 2.925 1.66 2.925 0 P 0
L 1.65 4.12 1.65 4.13 0 P 0
L 1.6525 3.835 1.6625 3.835 0 P 0
L 1.653 3.25 1.663 3.25 0 P 0
L 1.655 1.957 1.655 1.967 0 P 0
L 1.655 2.92 1.655 2.93 0 P 0
L 1.6575 3.83 1.6575 3.84 0 P 0
L 1.658 3.245 1.658 3.255 0 P 0
L 1.6582677 1.2241575 1.6582677 1.2561575 0 P 0
L 1.6582677 1.5241575 1.6582677 1.5561575 0 P 0
L 1.6687858 2.6183889 1.6787858 2.6183889 0 P 0
L 1.673 3.487 1.683 3.487 0 P 0
L 1.6737858 2.6133889 1.6737858 2.6233889 0 P 0
L 1.675 0.54 1.685 0.54 0 P 0
L 1.678 3.482 1.678 3.492 0 P 0
L 1.678346 4.070866 1.778346 4.070866 0 P 0
L 1.68 0.535 1.68 0.545 0 P 0
L 1.6825 0.9 1.6925 0.9 0 P 0
L 1.6825 1.05 1.6925 1.05 0 P 0
L 1.685 3.64 1.695 3.64 0 P 0
L 1.685 3.9 1.695 3.9 0 P 0
L 1.6869291 2.0954724 1.6969291 2.0954724 0 P 0
L 1.6875 0.895 1.6875 0.905 0 P 0
L 1.6875 1.045 1.6875 1.055 0 P 0
L 1.69 3.635 1.69 3.645 0 P 0
L 1.69 3.895 1.69 3.905 0 P 0
L 1.6919291 2.0904724 1.6919291 2.1004724 0 P 0
L 1.698 2.947 1.708 2.947 0 P 0
L 1.6984939 3.2585061 1.7084939 3.2585061 0 P 0
L 1.703 2.942 1.703 2.952 0 P 0
L 1.7034939 3.2535061 1.7034939 3.2635061 0 P 0
L 1.705 2.76 1.715 2.76 0 P 0
L 1.709459 2.6087078 1.719459 2.6087078 0 P 0
L 1.71 2.755 1.71 2.765 0 P 0
L 1.711 3.077 1.721 3.077 0 P 0
L 1.711 3.11 1.721 3.11 0 P 0
L 1.7127874 1.6352126 1.7227874 1.6352126 0 P 0
L 1.714459 2.6037078 1.714459 2.6137078 0 P 0
L 1.7155 3.566 1.7255 3.566 0 P 0
L 1.716 3.072 1.716 3.082 0 P 0
L 1.716 3.105 1.716 3.115 0 P 0
L 1.7164567 2.3543307 1.7264567 2.3543307 0 P 0
L 1.7175 3.835 1.7275 3.835 0 P 0
L 1.7177874 1.6302126 1.7177874 1.6402126 0 P 0
L 1.7184252 2.4409449 1.7284252 2.4409449 0 P 0
L 1.719 3.238 1.729 3.238 0 P 0
L 1.72 0.975 1.73 0.975 0 P 0
L 1.7205 3.561 1.7205 3.571 0 P 0
L 1.7210902 3.7660902 1.7310902 3.7660902 0 P 0
L 1.7214567 2.3493307 1.7214567 2.3593307 0 P 0
L 1.7225 3.83 1.7225 3.84 0 P 0
L 1.7234252 2.4359449 1.7234252 2.4459449 0 P 0
L 1.724 3.233 1.724 3.243 0 P 0
L 1.725 0.97 1.725 0.98 0 P 0
L 1.7260902 3.7610902 1.7260902 3.7710902 0 P 0
L 1.727 2.096 1.737 2.096 0 P 0
L 1.728346 4.020866 1.728346 4.120866 0 P 0
L 1.732 2.091 1.732 2.101 0 P 0
L 1.7349932 2.9326688 1.7449932 2.9326688 0 P 0
L 1.735 0.54 1.745 0.54 0 P 0
L 1.7399932 2.9276688 1.7399932 2.9376688 0 P 0
L 1.74 0.535 1.74 0.545 0 P 0
L 1.7415963 3.7952406 1.7515963 3.7952406 0 P 0
L 1.7422677 1.2401575 1.7742677 1.2401575 0 P 0
L 1.7422677 1.5401575 1.7742677 1.5401575 0 P 0
L 1.7465963 3.7902406 1.7465963 3.8002406 0 P 0
L 1.7469221 2.1692764 1.7569221 2.1692764 0 P 0
L 1.748 2.1941587 1.758 2.1941587 0 P 0
L 1.7483628 0.694023 1.7877328 0.694023 0 P 0
L 1.75 3.9 1.76 3.9 0 P 0
L 1.7519221 2.1642764 1.7519221 2.1742764 0 P 0
L 1.753 2.1891587 1.753 2.1991587 0 P 0
L 1.753 2.479 1.763 2.479 0 P 0
L 1.754 1.633 1.764 1.633 0 P 0
L 1.754842 2.3031806 1.764842 2.3031806 0 P 0
L 1.755 3.895 1.755 3.905 0 P 0
L 1.755459 2.5577078 1.765459 2.5577078 0 P 0
L 1.7575 0.9 1.7675 0.9 0 P 0
L 1.7575 1.05 1.7675 1.05 0 P 0
L 1.758 2.474 1.758 2.484 0 P 0
L 1.7582677 1.2241575 1.7582677 1.2561575 0 P 0
L 1.7582677 1.5241575 1.7582677 1.5561575 0 P 0
L 1.759 1.628 1.759 1.638 0 P 0
L 1.759842 2.2981806 1.759842 2.3081806 0 P 0
L 1.76 1.837 1.77 1.837 0 P 0
L 1.760459 2.5527078 1.760459 2.5627078 0 P 0
L 1.7625 0.895 1.7625 0.905 0 P 0
L 1.7625 1.045 1.7625 1.055 0 P 0
L 1.765 1.832 1.765 1.842 0 P 0
L 1.765 2.76 1.775 2.76 0 P 0
L 1.766 1.988 1.776 1.988 0 P 0
L 1.7678926 3.353 1.7778926 3.353 0 P 0
L 1.7680478 0.674338 1.7680478 0.713708 0 P 0
L 1.77 2.755 1.77 2.765 0 P 0
L 1.771 1.983 1.771 1.993 0 P 0
L 1.7728926 3.348 1.7728926 3.358 0 P 0
L 1.7825 3.835 1.7925 3.835 0 P 0
L 1.783 2.982 1.793 2.982 0 P 0
L 1.7875 3.83 1.7875 3.84 0 P 0
L 1.788 2.977 1.788 2.987 0 P 0
L 1.792 1.837 1.802 1.837 0 P 0
L 1.793 2.935 1.803 2.935 0 P 0
L 1.795 0.54 1.805 0.54 0 P 0
L 1.795 0.975 1.805 0.975 0 P 0
L 1.795 3.079 1.805 3.079 0 P 0
L 1.795 4.125 1.805 4.125 0 P 0
L 1.796182 1.450788 1.806182 1.450788 0 P 0
L 1.797 1.832 1.797 1.842 0 P 0
L 1.798 2.93 1.798 2.94 0 P 0
L 1.8 0.535 1.8 0.545 0 P 0
L 1.8 0.97 1.8 0.98 0 P 0
L 1.8 3.074 1.8 3.084 0 P 0
L 1.8 4.12 1.8 4.13 0 P 0
L 1.801182 1.445788 1.801182 1.455788 0 P 0
L 1.8014 2.519 1.8114 2.519 0 P 0
L 1.804 2.292 1.814 2.292 0 P 0
L 1.8064 2.514 1.8064 2.524 0 P 0
L 1.8064337 0.6694167 1.8280871 0.6694167 0 P 0
L 1.8064337 0.7186293 1.8280871 0.7186293 0 P 0
L 1.808976 1.56496 1.818976 1.56496 0 P 0
L 1.809 2.287 1.809 2.297 0 P 0
L 1.813976 1.55996 1.813976 1.56996 0 P 0
L 1.8148082 1.7342583 1.8248082 1.7342583 0 P 0
L 1.815 2.613 1.825 2.613 0 P 0
L 1.815 3.9 1.825 3.9 0 P 0
L 1.816 2.096 1.826 2.096 0 P 0
L 1.8172604 0.65859 1.8172604 0.6802434 0 P 0
L 1.8172604 0.7078026 1.8172604 0.729456 0 P 0
L 1.817315 2.193 1.827315 2.193 0 P 0
L 1.8198082 1.7292583 1.8198082 1.7392583 0 P 0
L 1.82 2.608 1.82 2.618 0 P 0
L 1.82 3.895 1.82 3.905 0 P 0
L 1.821 2.091 1.821 2.101 0 P 0
L 1.822 3.751 1.832 3.751 0 P 0
L 1.822 3.845 1.832 3.845 0 P 0
L 1.822315 2.188 1.822315 2.198 0 P 0
L 1.825 1.836 1.835 1.836 0 P 0
L 1.827 3.746 1.827 3.756 0 P 0
L 1.827 3.84 1.827 3.85 0 P 0
L 1.83 1.831 1.83 1.841 0 P 0
L 1.8325 0.9 1.8425 0.9 0 P 0
L 1.8325 1.05 1.8425 1.05 0 P 0
L 1.834 1.7 1.844 1.7 0 P 0
L 1.8375 0.895 1.8375 0.905 0 P 0
L 1.8375 1.045 1.8375 1.055 0 P 0
L 1.839 1.695 1.839 1.705 0 P 0
L 1.8422677 1.2401575 1.8742677 1.2401575 0 P 0
L 1.8422677 1.5401575 1.8742677 1.5401575 0 P 0
L 1.8442894 1.8035428 1.8542894 1.8035428 0 P 0
L 1.845 2.925 1.855 2.925 0 P 0
L 1.8484118 2.6198653 1.8584118 2.6198653 0 P 0
L 1.848646 2.105315 1.858646 2.105315 0 P 0
L 1.8492894 1.7985428 1.8492894 1.8085428 0 P 0
L 1.85 2.92 1.85 2.93 0 P 0
L 1.851 1.667 1.861 1.667 0 P 0
L 1.852 2.417 1.862 2.417 0 P 0
L 1.8534118 2.6148653 1.8534118 2.6248653 0 P 0
L 1.853646 2.100315 1.853646 2.110315 0 P 0
L 1.854 2.451 1.864 2.451 0 P 0
L 1.855 0.54 1.865 0.54 0 P 0
L 1.855 2.351 1.865 2.351 0 P 0
L 1.855 2.499 1.865 2.499 0 P 0
L 1.8556463 0.6694167 1.8772997 0.6694167 0 P 0
L 1.8556463 0.7186293 1.8772997 0.7186293 0 P 0
L 1.856 1.662 1.856 1.672 0 P 0
L 1.857 2.412 1.857 2.422 0 P 0
L 1.8582677 1.2241575 1.8582677 1.2561575 0 P 0
L 1.8582677 1.5241575 1.8582677 1.5561575 0 P 0
L 1.859 2.446 1.859 2.456 0 P 0
L 1.86 0.535 1.86 0.545 0 P 0
L 1.86 2.346 1.86 2.356 0 P 0
L 1.86 2.494 1.86 2.504 0 P 0
L 1.866 2.04 1.876 2.04 0 P 0
L 1.866473 0.65859 1.866473 0.6802434 0 P 0
L 1.866473 0.7078026 1.866473 0.729456 0 P 0
L 1.869 3.6975 1.879 3.6975 0 P 0
L 1.869 3.7265 1.879 3.7265 0 P 0
L 1.87 0.975 1.88 0.975 0 P 0
L 1.87 4.125 1.88 4.125 0 P 0
L 1.870644 1.815644 1.880644 1.815644 0 P 0
L 1.871 2.035 1.871 2.045 0 P 0
L 1.872 3.007 1.882 3.007 0 P 0
L 1.874 2.189 1.884 2.189 0 P 0
L 1.874 3.6925 1.874 3.7025 0 P 0
L 1.874 3.7215 1.874 3.7315 0 P 0
L 1.875 0.97 1.875 0.98 0 P 0
L 1.875 4.12 1.875 4.13 0 P 0
L 1.875644 1.810644 1.875644 1.820644 0 P 0
L 1.877 3.002 1.877 3.012 0 P 0
L 1.8776298 2.1005907 1.8876298 2.1005907 0 P 0
L 1.879 2.184 1.879 2.194 0 P 0
L 1.88 2.86 1.89 2.86 0 P 0
L 1.88 3.77 1.89 3.77 0 P 0
L 1.88 3.9 1.89 3.9 0 P 0
L 1.8826298 2.0955907 1.8826298 2.1055907 0 P 0
L 1.8839641 2.2988406 1.8939641 2.2988406 0 P 0
L 1.885 2.76 1.895 2.76 0 P 0
L 1.885 2.855 1.885 2.865 0 P 0
L 1.885 3.765 1.885 3.775 0 P 0
L 1.885 3.895 1.885 3.905 0 P 0
L 1.8889641 2.2938406 1.8889641 2.3038406 0 P 0
L 1.89 2.755 1.89 2.765 0 P 0
L 1.895 3.863 1.905 3.863 0 P 0
L 1.899528 1.480316 1.909528 1.480316 0 P 0
L 1.9 3.858 1.9 3.868 0 P 0
L 1.90248 1.327756 1.91248 1.327756 0 P 0
L 1.9035319 1.6745601 1.9135319 1.6745601 0 P 0
L 1.904528 1.475316 1.904528 1.485316 0 P 0
L 1.9048589 0.6694167 1.9265123 0.6694167 0 P 0
L 1.9048589 0.7186293 1.9265123 0.7186293 0 P 0
L 1.90748 1.322756 1.90748 1.332756 0 P 0
L 1.9075 0.9 1.9175 0.9 0 P 0
L 1.9075 1.05 1.9175 1.05 0 P 0
L 1.9085319 1.6695601 1.9085319 1.6795601 0 P 0
L 1.909 2.318 1.919 2.318 0 P 0
L 1.9111474 2.2539406 1.9211474 2.2539406 0 P 0
L 1.9114338 1.8275538 1.9214338 1.8275538 0 P 0
L 1.91167 1.57634 1.92167 1.57634 0 P 0
L 1.9125 0.895 1.9125 0.905 0 P 0
L 1.9125 1.045 1.9125 1.055 0 P 0
L 1.914 2.313 1.914 2.323 0 P 0
L 1.9148523 3.575 1.9248523 3.575 0 P 0
L 1.9148912 2.5092638 1.9248912 2.5092638 0 P 0
L 1.915 0.54 1.925 0.54 0 P 0
L 1.9156856 0.65859 1.9156856 0.6802434 0 P 0
L 1.9156856 0.7078026 1.9156856 0.729456 0 P 0
L 1.9161474 2.2489406 1.9161474 2.2589406 0 P 0
L 1.9164338 1.8225538 1.9164338 1.8325538 0 P 0
L 1.91667 1.57134 1.91667 1.58134 0 P 0
L 1.919 2.039 1.929 2.039 0 P 0
L 1.9198523 3.57 1.9198523 3.58 0 P 0
L 1.9198912 2.5042638 1.9198912 2.5142638 0 P 0
L 1.92 0.535 1.92 0.545 0 P 0
L 1.924 2.034 1.924 2.044 0 P 0
L 1.924 3.663 1.934 3.663 0 P 0
L 1.929 3.658 1.929 3.668 0 P 0
L 1.931 2.605 1.941 2.605 0 P 0
L 1.936 2.6 1.936 2.61 0 P 0
L 1.938 3.976 1.948 3.976 0 P 0
L 1.9422677 1.2401575 1.9742677 1.2401575 0 P 0
L 1.9422677 1.5401575 1.9742677 1.5401575 0 P 0
L 1.943 3.971 1.943 3.981 0 P 0
L 1.945 0.975 1.955 0.975 0 P 0
L 1.945 2.76 1.955 2.76 0 P 0
L 1.945 2.86 1.955 2.86 0 P 0
L 1.945 3.25 1.955 3.25 0 P 0
L 1.945 4.03 1.955 4.03 0 P 0
L 1.945 4.125 1.955 4.125 0 P 0
L 1.9452132 0.694023 1.9845832 0.694023 0 P 0
L 1.948 3.734 1.958 3.734 0 P 0
L 1.95 0.97 1.95 0.98 0 P 0
L 1.95 2.755 1.95 2.765 0 P 0
L 1.95 2.855 1.95 2.865 0 P 0
L 1.95 3.245 1.95 3.255 0 P 0
L 1.95 4.025 1.95 4.035 0 P 0
L 1.95 4.12 1.95 4.13 0 P 0
L 1.951 3.598 1.961 3.598 0 P 0
L 1.953 3.074 1.963 3.074 0 P 0
L 1.953 3.729 1.953 3.739 0 P 0
L 1.956 3.593 1.956 3.603 0 P 0
L 1.9566142 1.3051181 1.9666142 1.3051181 0 P 0
L 1.958 3.069 1.958 3.079 0 P 0
L 1.9582677 1.2241575 1.9582677 1.2561575 0 P 0
L 1.9582677 1.5241575 1.9582677 1.5561575 0 P 0
L 1.9616142 1.3001181 1.9616142 1.3101181 0 P 0
L 1.961834 2.5209679 1.971834 2.5209679 0 P 0
L 1.962 2.364 1.972 2.364 0 P 0
L 1.9648982 0.674338 1.9648982 0.713708 0 P 0
L 1.9654251 2.199 1.9754251 2.199 0 P 0
L 1.966 2.23 1.976 2.23 0 P 0
L 1.966834 2.5159679 1.966834 2.5259679 0 P 0
L 1.967 2.359 1.967 2.369 0 P 0
L 1.968 1.925 1.978 1.925 0 P 0
L 1.968 1.965 1.978 1.965 0 P 0
L 1.9704251 2.194 1.9704251 2.204 0 P 0
L 1.971 2.225 1.971 2.235 0 P 0
L 1.9718138 1.5809717 1.9818138 1.5809717 0 P 0
L 1.9724939 3.2874939 1.9824939 3.2874939 0 P 0
L 1.973 1.92 1.973 1.93 0 P 0
L 1.973 1.96 1.973 1.97 0 P 0
L 1.975 0.54 1.985 0.54 0 P 0
L 1.9768138 1.5759717 1.9768138 1.5859717 0 P 0
L 1.9774939 3.2824939 1.9774939 3.2924939 0 P 0
L 1.9775 3.835 1.9875 3.835 0 P 0
L 1.98 0.535 1.98 0.545 0 P 0
L 1.9825 0.9 1.9925 0.9 0 P 0
L 1.9825 1.05 1.9925 1.05 0 P 0
L 1.9825 3.83 1.9825 3.84 0 P 0
L 1.9875 0.895 1.9875 0.905 0 P 0
L 1.9875 1.045 1.9875 1.055 0 P 0
L 1.99 3.677 2 3.677 0 P 0
L 1.991 1.775 2.001 1.775 0 P 0
L 1.993 3.308 2.003 3.308 0 P 0
L 1.995 3.672 1.995 3.682 0 P 0
L 1.996 1.77 1.996 1.78 0 P 0
L 1.997952 2.867126 2.007952 2.867126 0 P 0
L 1.998 3.303 1.998 3.313 0 P 0
L 1.999 1.557 2.009 1.557 0 P 0
L 2 2.523 2.01 2.523 0 P 0
L 2.0005 3.728 2.0105 3.728 0 P 0
L 2.002 3.474 2.012 3.474 0 P 0
L 2.002952 2.862126 2.002952 2.872126 0 P 0
L 2.004 1.552 2.004 1.562 0 P 0
L 2.0048435 2.6112205 2.0148435 2.6112205 0 P 0
L 2.005 2.518 2.005 2.528 0 P 0
L 2.0055 3.723 2.0055 3.733 0 P 0
L 2.007 3.469 2.007 3.479 0 P 0
L 2.009 2.369 2.019 2.369 0 P 0
L 2.0098435 2.6062205 2.0098435 2.6162205 0 P 0
L 2.01 3.64 2.02 3.64 0 P 0
L 2.01 4.03 2.02 4.03 0 P 0
L 2.014 1.487 2.024 1.487 0 P 0
L 2.014 2.364 2.014 2.374 0 P 0
L 2.015 3.635 2.015 3.645 0 P 0
L 2.015 4.025 2.015 4.035 0 P 0
L 2.0157122 2.652602 2.0257122 2.652602 0 P 0
L 2.019 1.482 2.019 1.492 0 P 0
L 2.019 3.219 2.029 3.219 0 P 0
L 2.0196063 2.0187008 2.0296063 2.0187008 0 P 0
L 2.02 0.975 2.03 0.975 0 P 0
L 2.02 4.125 2.03 4.125 0 P 0
L 2.0207122 2.647602 2.0207122 2.657602 0 P 0
L 2.022 1.584 2.032 1.584 0 P 0
L 2.024 3.214 2.024 3.224 0 P 0
L 2.0246063 2.0137008 2.0246063 2.0237008 0 P 0
L 2.025 0.97 2.025 0.98 0 P 0
L 2.025 4.12 2.025 4.13 0 P 0
L 2.027 1.579 2.027 1.589 0 P 0
L 2.0326144 1.7022123 2.0426144 1.7022123 0 P 0
L 2.035 0.54 2.045 0.54 0 P 0
L 2.035 3.934 2.045 3.934 0 P 0
L 2.036 2.955 2.046 2.955 0 P 0
L 2.0376144 1.6972123 2.0376144 1.7072123 0 P 0
L 2.038488 2.295617 2.048488 2.295617 0 P 0
L 2.04 0.535 2.04 0.545 0 P 0
L 2.04 3.929 2.04 3.939 0 P 0
L 2.0407122 2.110755 2.0507122 2.110755 0 P 0
L 2.0409993 2.9999993 2.0509993 2.9999993 0 P 0
L 2.041 2.95 2.041 2.96 0 P 0
L 2.041 3.16 2.051 3.16 0 P 0
L 2.0422677 1.2401575 2.0742677 1.2401575 0 P 0
L 2.0422677 1.5401575 2.0742677 1.5401575 0 P 0
L 2.0425 3.965 2.0525 3.965 0 P 0
L 2.043488 2.290617 2.043488 2.300617 0 P 0
L 2.0457122 2.105755 2.0457122 2.115755 0 P 0
L 2.0459993 2.9949993 2.0459993 3.0049993 0 P 0
L 2.046 3.155 2.046 3.165 0 P 0
L 2.0475 3.96 2.0475 3.97 0 P 0
L 2.0493835 3.7136165 2.0593835 3.7136165 0 P 0
L 2.0493835 3.8163835 2.0593835 3.8163835 0 P 0
L 2.0543835 3.7086165 2.0543835 3.7186165 0 P 0
L 2.0543835 3.8113835 2.0543835 3.8213835 0 P 0
L 2.0575 0.9 2.0675 0.9 0 P 0
L 2.0575 1.05 2.0675 1.05 0 P 0
L 2.0582677 1.2241575 2.0582677 1.2561575 0 P 0
L 2.0582677 1.5241575 2.0582677 1.5561575 0 P 0
L 2.06 3.647 2.07 3.647 0 P 0
L 2.062 1.588 2.072 1.588 0 P 0
L 2.0625 0.895 2.0625 0.905 0 P 0
L 2.0625 1.045 2.0625 1.055 0 P 0
L 2.064 3.339 2.074 3.339 0 P 0
L 2.065 1.663 2.075 1.663 0 P 0
L 2.065 3.642 2.065 3.652 0 P 0
L 2.066 3.1983779 2.076 3.1983779 0 P 0
L 2.067 1.583 2.067 1.593 0 P 0
L 2.069 3.334 2.069 3.344 0 P 0
L 2.0692919 2.3737004 2.0792919 2.3737004 0 P 0
L 2.07 1.658 2.07 1.668 0 P 0
L 2.071 3.052 2.081 3.052 0 P 0
L 2.071 3.1933779 2.071 3.2033779 0 P 0
L 2.0742919 2.3687004 2.0742919 2.3787004 0 P 0
L 2.075 3.51 2.085 3.51 0 P 0
L 2.075 3.9 2.085 3.9 0 P 0
L 2.075 4.03 2.085 4.03 0 P 0
L 2.076 3.047 2.076 3.057 0 P 0
L 2.0761004 1.775 2.0861004 1.775 0 P 0
L 2.0774494 3.144065 2.0874494 3.144065 0 P 0
L 2.08 3.505 2.08 3.515 0 P 0
L 2.08 3.895 2.08 3.905 0 P 0
L 2.08 4.025 2.08 4.035 0 P 0
L 2.080248 2.5537519 2.090248 2.5537519 0 P 0
L 2.0806299 2.9242126 2.0906299 2.9242126 0 P 0
L 2.0811004 1.77 2.0811004 1.78 0 P 0
L 2.082 3.939 2.092 3.939 0 P 0
L 2.0824494 3.139065 2.0824494 3.149065 0 P 0
L 2.0836973 1.7228305 2.0936973 1.7228305 0 P 0
L 2.085248 2.5487519 2.085248 2.5587519 0 P 0
L 2.0856299 2.9192126 2.0856299 2.9292126 0 P 0
L 2.087 3.934 2.087 3.944 0 P 0
L 2.0886973 1.7178305 2.0886973 1.7278305 0 P 0
L 2.091 3.424 2.101 3.424 0 P 0
L 2.0924409 1.2992126 2.1024409 1.2992126 0 P 0
L 2.093 3.364 2.103 3.364 0 P 0
L 2.0931918 1.5708359 2.1031918 1.5708359 0 P 0
L 2.095 0.54 2.105 0.54 0 P 0
L 2.095 0.975 2.105 0.975 0 P 0
L 2.095 4.125 2.105 4.125 0 P 0
L 2.096 3.419 2.096 3.429 0 P 0
L 2.0962118 2.385 2.1062118 2.385 0 P 0
L 2.097 1.676 2.107 1.676 0 P 0
L 2.0974409 1.2942126 2.0974409 1.3042126 0 P 0
L 2.098 3.359 2.098 3.369 0 P 0
L 2.0981918 1.5658359 2.0981918 1.5758359 0 P 0
L 2.1 0.535 2.1 0.545 0 P 0
L 2.1 0.97 2.1 0.98 0 P 0
L 2.1 4.12 2.1 4.13 0 P 0
L 2.1012118 2.38 2.1012118 2.39 0 P 0
L 2.102 1.671 2.102 1.681 0 P 0
L 2.104 2.011 2.114 2.011 0 P 0
L 2.104 3.552 2.114 3.552 0 P 0
L 2.1075 3.705 2.1175 3.705 0 P 0
L 2.1075 3.965 2.1175 3.965 0 P 0
L 2.109 1.737 2.119 1.737 0 P 0
L 2.109 2.006 2.109 2.016 0 P 0
L 2.109 3.547 2.109 3.557 0 P 0
L 2.11 3.851 2.12 3.851 0 P 0
L 2.1100011 3.1192611 2.1200011 3.1192611 0 P 0
L 2.1125 3.7 2.1125 3.71 0 P 0
L 2.1125 3.96 2.1125 3.97 0 P 0
L 2.114 1.732 2.114 1.742 0 P 0
L 2.115 1.775 2.125 1.775 0 P 0
L 2.115 3.846 2.115 3.856 0 P 0
L 2.1150011 3.1142611 2.1150011 3.1242611 0 P 0
L 2.116 3.45 2.126 3.45 0 P 0
L 2.1166267 2.5611088 2.1266267 2.5611088 0 P 0
L 2.1169333 1.6970633 2.1269333 1.6970633 0 P 0
L 2.118 2.471 2.128 2.471 0 P 0
L 2.118 3.631 2.128 3.631 0 P 0
L 2.12 1.77 2.12 1.78 0 P 0
L 2.121 3.445 2.121 3.455 0 P 0
L 2.1216267 2.5561088 2.1216267 2.5661088 0 P 0
L 2.1219333 1.6920633 2.1219333 1.7020633 0 P 0
L 2.1229528 1.4862205 2.1329528 1.4862205 0 P 0
L 2.123 2.466 2.123 2.476 0 P 0
L 2.123 3.626 2.123 3.636 0 P 0
L 2.123937 1.5748031 2.133937 1.5748031 0 P 0
L 2.126 2.928 2.136 2.928 0 P 0
L 2.127 2.009 2.137 2.009 0 P 0
L 2.1279528 1.4812205 2.1279528 1.4912205 0 P 0
L 2.128937 1.5698031 2.128937 1.5798031 0 P 0
L 2.129 2.967 2.139 2.967 0 P 0
L 2.131 2.923 2.131 2.933 0 P 0
L 2.132 2.004 2.132 2.014 0 P 0
L 2.1325 0.9 2.1425 0.9 0 P 0
L 2.1325 1.05 2.1425 1.05 0 P 0
L 2.134 2.962 2.134 2.972 0 P 0
L 2.1350919 2.1233072 2.1450919 2.1233072 0 P 0
L 2.1375 0.895 2.1375 0.905 0 P 0
L 2.1375 1.045 2.1375 1.055 0 P 0
L 2.139 3.119 2.149 3.119 0 P 0
L 2.14 3.77 2.15 3.77 0 P 0
L 2.14 4.03 2.15 4.03 0 P 0
L 2.1400919 2.1183072 2.1400919 2.1283072 0 P 0
L 2.141 3.473 2.151 3.473 0 P 0
L 2.1422677 1.2401575 2.1742677 1.2401575 0 P 0
L 2.1422677 1.5401575 2.1742677 1.5401575 0 P 0
L 2.143622 2.343 2.153622 2.343 0 P 0
L 2.144 3.114 2.144 3.124 0 P 0
L 2.145 3.765 2.145 3.775 0 P 0
L 2.145 4.025 2.145 4.035 0 P 0
L 2.146 3.468 2.146 3.478 0 P 0
L 2.148622 2.338 2.148622 2.348 0 P 0
L 2.149 1.665 2.159 1.665 0 P 0
L 2.1505 3.715 2.1605 3.715 0 P 0
L 2.154 1.66 2.154 1.67 0 P 0
L 2.154 1.701 2.164 1.701 0 P 0
L 2.154 3.973 2.164 3.973 0 P 0
L 2.154448 3.839566 2.164448 3.839566 0 P 0
L 2.155 0.54 2.165 0.54 0 P 0
L 2.1555 3.71 2.1555 3.72 0 P 0
L 2.1582677 1.2241575 2.1582677 1.2561575 0 P 0
L 2.1582677 1.5241575 2.1582677 1.5561575 0 P 0
L 2.159 1.696 2.159 1.706 0 P 0
L 2.159 3.968 2.159 3.978 0 P 0
L 2.159448 3.834566 2.159448 3.844566 0 P 0
L 2.16 0.535 2.16 0.545 0 P 0
L 2.1642677 1.89 2.1742677 1.89 0 P 0
L 2.1646969 2.2563151 2.1746969 2.2563151 0 P 0
L 2.165 2.1170862 2.175 2.1170862 0 P 0
L 2.165 3.501 2.175 3.501 0 P 0
L 2.1692677 1.885 2.1692677 1.895 0 P 0
L 2.1694907 3.064 2.1794907 3.064 0 P 0
L 2.1696969 2.2513151 2.1696969 2.2613151 0 P 0
L 2.17 2.1120862 2.17 2.1220862 0 P 0
L 2.17 2.358 2.18 2.358 0 P 0
L 2.17 3.496 2.17 3.506 0 P 0
L 2.17 4.125 2.18 4.125 0 P 0
L 2.171 2.223 2.181 2.223 0 P 0
L 2.173 2.288 2.183 2.288 0 P 0
L 2.1744907 3.059 2.1744907 3.069 0 P 0
L 2.175 2.353 2.175 2.363 0 P 0
L 2.175 4.12 2.175 4.13 0 P 0
L 2.176 2.218 2.176 2.228 0 P 0
L 2.178 2.283 2.178 2.293 0 P 0
L 2.1801132 3.2565202 2.1899556 3.2565202 0 P 0
L 2.183 1.775 2.193 1.775 0 P 0
L 2.1835763 3.0233447 2.1935763 3.0233447 0 P 0
L 2.185 2.76 2.195 2.76 0 P 0
L 2.1850344 3.251599 2.1850344 3.2614414 0 P 0
L 2.1850905 3.3850905 2.1950905 3.3850905 0 P 0
L 2.188 1.77 2.188 1.78 0 P 0
L 2.1885763 3.0183447 2.1885763 3.0283447 0 P 0
L 2.19 2.755 2.19 2.765 0 P 0
L 2.1900905 3.3800905 2.1900905 3.3900905 0 P 0
L 2.1918504 1.4901575 2.2018504 1.4901575 0 P 0
L 2.195 3.05 2.205 3.05 0 P 0
L 2.195 3.557 2.205 3.557 0 P 0
L 2.1968504 1.4851575 2.1968504 1.4951575 0 P 0
L 2.197 3.591 2.207 3.591 0 P 0
L 2.1977559 1.5472441 2.2077559 1.5472441 0 P 0
L 2.2 3.045 2.2 3.055 0 P 0
L 2.2 3.552 2.2 3.562 0 P 0
L 2.2 3.6198444 2.21 3.6198444 0 P 0
L 2.201 2.363 2.211 2.363 0 P 0
L 2.2011178 0.694024 2.2404878 0.694024 0 P 0
L 2.202 3.586 2.202 3.596 0 P 0
L 2.2027559 1.5422441 2.2027559 1.5522441 0 P 0
L 2.205 1.58 2.215 1.58 0 P 0
L 2.205 2.86 2.215 2.86 0 P 0
L 2.205 3.6148444 2.205 3.6248444 0 P 0
L 2.206 2.358 2.206 2.368 0 P 0
L 2.2075 0.9 2.2175 0.9 0 P 0
L 2.2075 1.05 2.2175 1.05 0 P 0
L 2.2083346 2.9937179 2.2183346 2.9937179 0 P 0
L 2.21 1.575 2.21 1.585 0 P 0
L 2.21 2.148 2.22 2.148 0 P 0
L 2.21 2.855 2.21 2.865 0 P 0
L 2.211 3.091 2.221 3.091 0 P 0
L 2.2125 0.895 2.2125 0.905 0 P 0
L 2.2125 1.045 2.2125 1.055 0 P 0
L 2.2133346 2.9887179 2.2133346 2.9987179 0 P 0
L 2.215 0.54 2.225 0.54 0 P 0
L 2.215 2.143 2.215 2.153 0 P 0
L 2.215 2.7 2.225 2.7 0 P 0
L 2.216 1.671 2.226 1.671 0 P 0
L 2.216 3.086 2.216 3.096 0 P 0
L 2.2163037 3.2203298 2.2261461 3.2203298 0 P 0
L 2.2163037 3.2927106 2.2261461 3.2927106 0 P 0
L 2.22 0.535 2.22 0.545 0 P 0
L 2.22 2.695 2.22 2.705 0 P 0
L 2.22 2.935 2.23 2.935 0 P 0
L 2.2208028 0.674339 2.2208028 0.713709 0 P 0
L 2.221 1.666 2.221 1.676 0 P 0
L 2.2212249 3.2154086 2.2212249 3.225251 0 P 0
L 2.2212249 3.2877894 2.2212249 3.2976318 0 P 0
L 2.2236063 2.0276063 2.2336063 2.0276063 0 P 0
L 2.225 2.93 2.225 2.94 0 P 0
L 2.226 4.023 2.236 4.023 0 P 0
L 2.2286063 2.0226063 2.2286063 2.0326063 0 P 0
L 2.228952 3.6408966 2.238952 3.6408966 0 P 0
L 2.231 4.018 2.231 4.028 0 P 0
L 2.2329581 3.5478698 2.2429581 3.5478698 0 P 0
L 2.233952 3.6358966 2.233952 3.6458966 0 P 0
L 2.2358022 1.5795553 2.2458022 1.5795553 0 P 0
L 2.2379581 3.5428698 2.2379581 3.5528698 0 P 0
L 2.239 2.176 2.249 2.176 0 P 0
L 2.2408022 1.5745553 2.2408022 1.5845553 0 P 0
L 2.241063 1.323 2.251063 1.323 0 P 0
L 2.243 2.354 2.253 2.354 0 P 0
L 2.244 2.171 2.244 2.181 0 P 0
L 2.244 2.973 2.254 2.973 0 P 0
L 2.2440245 1.2399767 2.2760245 1.2399767 0 P 0
L 2.2440245 1.5399767 2.2760245 1.5399767 0 P 0
L 2.245 0.975 2.255 0.975 0 P 0
L 2.245 2.625 2.255 2.625 0 P 0
L 2.245 2.76 2.255 2.76 0 P 0
L 2.245 4.125 2.255 4.125 0 P 0
L 2.246063 1.318 2.246063 1.328 0 P 0
L 2.247952 3.818898 2.257952 3.818898 0 P 0
L 2.248 2.349 2.248 2.359 0 P 0
L 2.249 2.968 2.249 2.978 0 P 0
L 2.25 0.97 2.25 0.98 0 P 0
L 2.25 2.62 2.25 2.63 0 P 0
L 2.25 2.755 2.25 2.765 0 P 0
L 2.25 4.12 2.25 4.13 0 P 0
L 2.251 3.732 2.261 3.732 0 P 0
L 2.2524941 3.1841393 2.2623365 3.1841393 0 P 0
L 2.2524941 3.2565202 2.2623365 3.2565202 0 P 0
L 2.2524941 3.3289011 2.2623365 3.3289011 0 P 0
L 2.252952 3.813898 2.252952 3.823898 0 P 0
L 2.255 2.883 2.265 2.883 0 P 0
L 2.256 3.727 2.256 3.737 0 P 0
L 2.2574153 3.1792181 2.2574153 3.1890605 0 P 0
L 2.2574153 3.251599 2.2574153 3.2614414 0 P 0
L 2.2574153 3.3239799 2.2574153 3.3338223 0 P 0
L 2.259 3.449 2.269 3.449 0 P 0
L 2.2591887 0.6694177 2.2808421 0.6694177 0 P 0
L 2.2591887 0.7186303 2.2808421 0.7186303 0 P 0
L 2.26 2.12 2.27 2.12 0 P 0
L 2.26 2.878 2.26 2.888 0 P 0
L 2.2600245 1.2239767 2.2600245 1.2559767 0 P 0
L 2.2600245 1.5239767 2.2600245 1.5559767 0 P 0
L 2.264 3.444 2.264 3.454 0 P 0
L 2.2649334 2.9511761 2.2749334 2.9511761 0 P 0
L 2.26496 0.905512 2.36496 0.905512 0 P 0
L 2.265 2.115 2.265 2.125 0 P 0
L 2.268898 2.661418 2.368898 2.661418 0 P 0
L 2.2699334 2.9461761 2.2699334 2.9561761 0 P 0
L 2.2700154 0.658591 2.2700154 0.6802444 0 P 0
L 2.2700154 0.7078036 2.2700154 0.729457 0 P 0
L 2.271 3.839 2.281 3.839 0 P 0
L 2.2729581 3.556 2.2829581 3.556 0 P 0
L 2.273 4.025 2.283 4.025 0 P 0
L 2.275 0.54 2.285 0.54 0 P 0
L 2.275 1.303 2.285 1.303 0 P 0
L 2.276 3.834 2.276 3.844 0 P 0
L 2.2779581 3.551 2.2779581 3.561 0 P 0
L 2.278 4.02 2.278 4.03 0 P 0
L 2.2783956 1.704 2.2883956 1.704 0 P 0
L 2.2784646 1.5944882 2.2884646 1.5944882 0 P 0
L 2.28 0.535 2.28 0.545 0 P 0
L 2.28 1.298 2.28 1.308 0 P 0
L 2.2825 2.55 2.2925 2.55 0 P 0
L 2.2833956 1.699 2.2833956 1.709 0 P 0
L 2.2834646 1.5894882 2.2834646 1.5994882 0 P 0
L 2.284 1.787 2.294 1.787 0 P 0
L 2.2852049 3.1486447 2.2950473 3.1486447 0 P 0
L 2.2865968 3.3616119 2.2964392 3.3616119 0 P 0
L 2.2875 2.545 2.2875 2.555 0 P 0
L 2.2886845 3.2203298 2.2985269 3.2203298 0 P 0
L 2.2886845 3.2927106 2.2985269 3.2927106 0 P 0
L 2.289 1.782 2.289 1.792 0 P 0
L 2.289 2.173 2.299 2.173 0 P 0
L 2.2901261 3.1437235 2.2901261 3.1535659 0 P 0
L 2.2906929 3.8146929 2.3006929 3.8146929 0 P 0
L 2.291518 3.3566907 2.291518 3.3665331 0 P 0
L 2.2936057 3.2154086 2.2936057 3.225251 0 P 0
L 2.2936057 3.2877894 2.2936057 3.2976318 0 P 0
L 2.294 2.168 2.294 2.178 0 P 0
L 2.295 1.928 2.305 1.928 0 P 0
L 2.2956929 3.8096929 2.2956929 3.8196929 0 P 0
L 2.3 1.923 2.3 1.933 0 P 0
L 2.3084013 0.6694177 2.3300547 0.6694177 0 P 0
L 2.3084013 0.7186303 2.3300547 0.7186303 0 P 0
L 2.313 2.369 2.323 2.369 0 P 0
L 2.31496 0.855512 2.31496 0.955512 0 P 0
L 2.316 2.954 2.326 2.954 0 P 0
L 2.318 1.704 2.328 1.704 0 P 0
L 2.318 2.364 2.318 2.374 0 P 0
L 2.318898 2.611418 2.318898 2.711418 0 P 0
L 2.319 1.41 2.329 1.41 0 P 0
L 2.319228 0.658591 2.319228 0.6802444 0 P 0
L 2.319228 0.7078036 2.319228 0.729457 0 P 0
L 2.32 4.125 2.33 4.125 0 P 0
L 2.321 2.949 2.321 2.959 0 P 0
L 2.3213953 3.1124543 2.3312377 3.1124543 0 P 0
L 2.3213953 3.1848351 2.3312377 3.1848351 0 P 0
L 2.3227872 3.3254215 2.3326296 3.3254215 0 P 0
L 2.3227872 3.3978023 2.3326296 3.3978023 0 P 0
L 2.323 1.699 2.323 1.709 0 P 0
L 2.3239117 3.5095496 2.3339117 3.5095496 0 P 0
L 2.324 1.405 2.324 1.415 0 P 0
L 2.324875 3.2565202 2.3347174 3.2565202 0 P 0
L 2.325 4.12 2.325 4.13 0 P 0
L 2.3263165 3.1075331 2.3263165 3.1173755 0 P 0
L 2.3263165 3.1799139 2.3263165 3.1897563 0 P 0
L 2.3277084 3.3205003 2.3277084 3.3303427 0 P 0
L 2.3277084 3.3928811 2.3277084 3.4027235 0 P 0
L 2.3289117 3.5045496 2.3289117 3.5145496 0 P 0
L 2.329 2.091 2.339 2.091 0 P 0
L 2.3297962 3.251599 2.3297962 3.2614414 0 P 0
L 2.3325984 2.9114173 2.3425984 2.9114173 0 P 0
L 2.333 3.647 2.343 3.647 0 P 0
L 2.334 2.086 2.334 2.096 0 P 0
L 2.335 0.54 2.345 0.54 0 P 0
L 2.335 4.03 2.345 4.03 0 P 0
L 2.3375984 2.9064173 2.3375984 2.9164173 0 P 0
L 2.338 3.642 2.338 3.652 0 P 0
L 2.34 0.535 2.34 0.545 0 P 0
L 2.34 4.025 2.34 4.035 0 P 0
L 2.342 2.375 2.352 2.375 0 P 0
L 2.3440245 1.2399767 2.3760245 1.2399767 0 P 0
L 2.3440245 1.5399767 2.3760245 1.5399767 0 P 0
L 2.347 2.37 2.347 2.38 0 P 0
L 2.348 3.5895423 2.358 3.5895423 0 P 0
L 2.35 2.002 2.36 2.002 0 P 0
L 2.3500077 2.312 2.3600077 2.312 0 P 0
L 2.3517818 3.6690962 2.3617818 3.6690962 0 P 0
L 2.353 3.5845423 2.353 3.5945423 0 P 0
L 2.354 3.621 2.364 3.621 0 P 0
L 2.355 1.997 2.355 2.007 0 P 0
L 2.3550077 2.307 2.3550077 2.317 0 P 0
L 2.3565 3.713 2.3665 3.713 0 P 0
L 2.3567818 3.6640962 2.3567818 3.6740962 0 P 0
L 2.3575 1.05 2.3675 1.05 0 P 0
L 2.3575 2.55 2.3675 2.55 0 P 0
L 2.3575857 3.0762638 2.3674281 3.0762638 0 P 0
L 2.3575857 3.1486447 2.3674281 3.1486447 0 P 0
L 2.3575857 3.2210256 2.3674281 3.2210256 0 P 0
L 2.3576139 0.6694177 2.3792673 0.6694177 0 P 0
L 2.3576139 0.7186303 2.3792673 0.7186303 0 P 0
L 2.3589777 3.289231 2.3688201 3.289231 0 P 0
L 2.3589777 3.3616119 2.3688201 3.3616119 0 P 0
L 2.3589777 3.4339928 2.3688201 3.4339928 0 P 0
L 2.359 3.616 2.359 3.626 0 P 0
L 2.3600245 1.2239767 2.3600245 1.2559767 0 P 0
L 2.3600245 1.5239767 2.3600245 1.5559767 0 P 0
L 2.360158 2.84252 2.370158 2.84252 0 P 0
L 2.3608268 2.0965906 2.3708268 2.0965906 0 P 0
L 2.3615 3.708 2.3615 3.718 0 P 0
L 2.3625 1.045 2.3625 1.055 0 P 0
L 2.3625 2.545 2.3625 2.555 0 P 0
L 2.3625069 3.0713426 2.3625069 3.081185 0 P 0
L 2.3625069 3.1437235 2.3625069 3.1535659 0 P 0
L 2.3625069 3.2161044 2.3625069 3.2259468 0 P 0
L 2.3638989 3.2843098 2.3638989 3.2941522 0 P 0
L 2.3638989 3.3566907 2.3638989 3.3665331 0 P 0
L 2.3638989 3.4290716 2.3638989 3.438914 0 P 0
L 2.365 2.76 2.375 2.76 0 P 0
L 2.365158 2.83752 2.365158 2.84752 0 P 0
L 2.3658268 2.0915906 2.3658268 2.1015906 0 P 0
L 2.367 1.881 2.377 1.881 0 P 0
L 2.3675 3.965 2.3775 3.965 0 P 0
L 2.368 1.78 2.378 1.78 0 P 0
L 2.3684406 0.658591 2.3684406 0.6802444 0 P 0
L 2.3684406 0.7078036 2.3684406 0.729457 0 P 0
L 2.369 1.584 2.379 1.584 0 P 0
L 2.37 2.755 2.37 2.765 0 P 0
L 2.372 1.876 2.372 1.886 0 P 0
L 2.3725 3.96 2.3725 3.97 0 P 0
L 2.373 1.775 2.373 1.785 0 P 0
L 2.374 1.579 2.374 1.589 0 P 0
L 2.3776897 2.9401223 2.3876897 2.9401223 0 P 0
L 2.3795036 1.7234964 2.3895036 1.7234964 0 P 0
L 2.3826897 2.9351223 2.3826897 2.9451223 0 P 0
L 2.3845036 1.7184964 2.3845036 1.7284964 0 P 0
L 2.385 1.9451811 2.395 1.9451811 0 P 0
L 2.39 1.9401811 2.39 1.9501811 0 P 0
L 2.39 3.756 2.4 3.756 0 P 0
L 2.391162 2.842028 2.401162 2.842028 0 P 0
L 2.3916884 3.2537364 2.4015308 3.2537364 0 P 0
L 2.3937762 3.1124543 2.4036186 3.1124543 0 P 0
L 2.3937762 3.1848351 2.4036186 3.1848351 0 P 0
L 2.395 0.54 2.405 0.54 0 P 0
L 2.395 0.975 2.405 0.975 0 P 0
L 2.395 3.751 2.395 3.761 0 P 0
L 2.395 4.125 2.405 4.125 0 P 0
L 2.3951681 3.3254215 2.4050105 3.3254215 0 P 0
L 2.3951681 3.3978023 2.4050105 3.3978023 0 P 0
L 2.3955906 2.2411417 2.4055906 2.2411417 0 P 0
L 2.396162 2.837028 2.396162 2.847028 0 P 0
L 2.3966096 3.2488152 2.3966096 3.2586576 0 P 0
L 2.397 2.201 2.407 2.201 0 P 0
L 2.3979682 0.694024 2.4373382 0.694024 0 P 0
L 2.3986974 3.1075331 2.3986974 3.1173755 0 P 0
L 2.3986974 3.1799139 2.3986974 3.1897563 0 P 0
L 2.4 0.535 2.4 0.545 0 P 0
L 2.4 0.97 2.4 0.98 0 P 0
L 2.4 4.03 2.41 4.03 0 P 0
L 2.4 4.12 2.4 4.13 0 P 0
L 2.4000893 3.3205003 2.4000893 3.3303427 0 P 0
L 2.4000893 3.3928811 2.4000893 3.4027235 0 P 0
L 2.4005906 2.2361417 2.4005906 2.2461417 0 P 0
L 2.4008268 2.097 2.4108268 2.097 0 P 0
L 2.401 3.956 2.411 3.956 0 P 0
L 2.402 2.196 2.402 2.206 0 P 0
L 2.405 4.025 2.405 4.035 0 P 0
L 2.4058268 2.092 2.4058268 2.102 0 P 0
L 2.406 3.951 2.406 3.961 0 P 0
L 2.4072032 2.8960411 2.4172032 2.8960411 0 P 0
L 2.4121026 3.5065744 2.4221026 3.5065744 0 P 0
L 2.4122032 2.8910411 2.4122032 2.9010411 0 P 0
L 2.4171026 3.5015744 2.4171026 3.5115744 0 P 0
L 2.4176532 0.674339 2.4176532 0.713709 0 P 0
L 2.418 1.697 2.428 1.697 0 P 0
L 2.418 1.885 2.428 1.885 0 P 0
L 2.421 2.961 2.431 2.961 0 P 0
L 2.422 3.54 2.432 3.54 0 P 0
L 2.423 1.692 2.423 1.702 0 P 0
L 2.423 1.88 2.423 1.89 0 P 0
L 2.426 2.956 2.426 2.966 0 P 0
L 2.427 3.535 2.427 3.545 0 P 0
L 2.4278789 3.217546 2.4377213 3.217546 0 P 0
L 2.4278789 3.2899268 2.4377213 3.2899268 0 P 0
L 2.4299666 3.1486447 2.439809 3.1486447 0 P 0
L 2.4313585 3.3616119 2.4412009 3.3616119 0 P 0
L 2.4325 0.9 2.4425 0.9 0 P 0
L 2.4325 1.05 2.4425 1.05 0 P 0
L 2.4325 3.965 2.4425 3.965 0 P 0
L 2.4328001 3.2126248 2.4328001 3.2224672 0 P 0
L 2.4328001 3.2850056 2.4328001 3.294848 0 P 0
L 2.433 1.791 2.443 1.791 0 P 0
L 2.4348878 3.1437235 2.4348878 3.1535659 0 P 0
L 2.4362797 3.3566907 2.4362797 3.3665331 0 P 0
L 2.4375 0.895 2.4375 0.905 0 P 0
L 2.4375 1.045 2.4375 1.055 0 P 0
L 2.4375 3.96 2.4375 3.97 0 P 0
L 2.438 1.786 2.438 1.796 0 P 0
L 2.4436053 1.5814327 2.4536053 1.5814327 0 P 0
L 2.4440245 1.2399767 2.4760245 1.2399767 0 P 0
L 2.4440245 1.5399767 2.4760245 1.5399767 0 P 0
L 2.445 3.756 2.455 3.756 0 P 0
L 2.446 2.217 2.456 2.217 0 P 0
L 2.4486053 1.5764327 2.4486053 1.5864327 0 P 0
L 2.45 3.751 2.45 3.761 0 P 0
L 2.451 2.212 2.451 2.222 0 P 0
L 2.455 0.54 2.465 0.54 0 P 0
L 2.455 2.993 2.465 2.993 0 P 0
L 2.457 3.505 2.467 3.505 0 P 0
L 2.4572254 2.4832254 2.4672254 2.4832254 0 P 0
L 2.46 0.535 2.46 0.545 0 P 0
L 2.46 2.988 2.46 2.998 0 P 0
L 2.4600245 1.2239767 2.4600245 1.2559767 0 P 0
L 2.4600245 1.5239767 2.4600245 1.5559767 0 P 0
L 2.461 3.534 2.471 3.534 0 P 0
L 2.4610004 2.2881968 2.4710004 2.2881968 0 P 0
L 2.462 3.5 2.462 3.51 0 P 0
L 2.4622254 2.4782254 2.4622254 2.4882254 0 P 0
L 2.463 3.954 2.473 3.954 0 P 0
L 2.4640693 3.1813555 2.4739117 3.1813555 0 P 0
L 2.4640693 3.2537364 2.4739117 3.2537364 0 P 0
L 2.4640693 3.3261173 2.4739117 3.3261173 0 P 0
L 2.465 4.03 2.475 4.03 0 P 0
L 2.466 3.529 2.466 3.539 0 P 0
L 2.4660004 2.2831968 2.4660004 2.2931968 0 P 0
L 2.467338 3.590094 2.477338 3.590094 0 P 0
L 2.468 3.949 2.468 3.959 0 P 0
L 2.4689905 3.1764343 2.4689905 3.1862767 0 P 0
L 2.4689905 3.2488152 2.4689905 3.2586576 0 P 0
L 2.4689905 3.3211961 2.4689905 3.3310385 0 P 0
L 2.47 4.025 2.47 4.035 0 P 0
L 2.47 4.125 2.48 4.125 0 P 0
L 2.472338 3.585094 2.472338 3.595094 0 P 0
L 2.4735906 2.9005906 2.4835906 2.9005906 0 P 0
L 2.4743307 1.3582677 2.4843307 1.3582677 0 P 0
L 2.475 2.009 2.485 2.009 0 P 0
L 2.475 2.945 2.485 2.945 0 P 0
L 2.475 4.12 2.475 4.13 0 P 0
L 2.4785906 2.8955906 2.4785906 2.9055906 0 P 0
L 2.4793307 1.3532677 2.4793307 1.3632677 0 P 0
L 2.48 2.004 2.48 2.014 0 P 0
L 2.48 2.94 2.48 2.95 0 P 0
L 2.4812205 1.7824803 2.4912205 1.7824803 0 P 0
L 2.4836697 2.8356697 2.4936697 2.8356697 0 P 0
L 2.4841732 1.5816929 2.4941732 1.5816929 0 P 0
L 2.485 2.76 2.495 2.76 0 P 0
L 2.4862205 1.7774803 2.4862205 1.7874803 0 P 0
L 2.4886697 2.8306697 2.4886697 2.8406697 0 P 0
L 2.4891732 1.5766929 2.4891732 1.5866929 0 P 0
L 2.489387 2.9963085 2.499387 2.9963085 0 P 0
L 2.49 2.184 2.5 2.184 0 P 0
L 2.49 2.755 2.49 2.765 0 P 0
L 2.4918518 3.4288518 2.5018518 3.4288518 0 P 0
L 2.494387 2.9913085 2.494387 3.0013085 0 P 0
L 2.495 2.179 2.495 2.189 0 P 0
L 2.495 3.518 2.505 3.518 0 P 0
L 2.4968518 3.4238518 2.4968518 3.4338518 0 P 0
L 2.4974452 2.2794151 2.5074452 2.2794151 0 P 0
L 2.4975 3.835 2.5075 3.835 0 P 0
L 2.4975 3.965 2.5075 3.965 0 P 0
L 2.498 3.024 2.508 3.024 0 P 0
L 2.499 2.945 2.509 2.945 0 P 0
L 2.5 3.513 2.5 3.523 0 P 0
L 2.5002597 3.217546 2.5101021 3.217546 0 P 0
L 2.5002597 3.2899268 2.5101021 3.2899268 0 P 0
L 2.5024452 2.2744151 2.5024452 2.2844151 0 P 0
L 2.5025 3.83 2.5025 3.84 0 P 0
L 2.5025 3.96 2.5025 3.97 0 P 0
L 2.503 3.019 2.503 3.029 0 P 0
L 2.504 2.009 2.514 2.009 0 P 0
L 2.504 2.94 2.504 2.95 0 P 0
L 2.5051809 3.2126248 2.5051809 3.2224672 0 P 0
L 2.5051809 3.2850056 2.5051809 3.294848 0 P 0
L 2.507 3.547 2.517 3.547 0 P 0
L 2.507204 3.751378 2.517204 3.751378 0 P 0
L 2.509 2.004 2.509 2.014 0 P 0
L 2.512 3.542 2.512 3.552 0 P 0
L 2.512204 3.746378 2.512204 3.756378 0 P 0
L 2.5125177 1.7864823 2.5225177 1.7864823 0 P 0
L 2.515 0.54 2.525 0.54 0 P 0
L 2.51563 1.70137 2.52563 1.70137 0 P 0
L 2.517 2.258 2.527 2.258 0 P 0
L 2.5175177 1.7814823 2.5175177 1.7914823 0 P 0
L 2.5176378 1.5816929 2.5276378 1.5816929 0 P 0
L 2.52 0.535 2.52 0.545 0 P 0
L 2.52 2.633 2.53 2.633 0 P 0
L 2.52063 1.69637 2.52063 1.70637 0 P 0
L 2.522 2.253 2.522 2.263 0 P 0
L 2.5226378 1.5766929 2.5226378 1.5866929 0 P 0
L 2.525 2.628 2.525 2.638 0 P 0
L 2.5276315 2.5029286 2.5376315 2.5029286 0 P 0
L 2.5277394 2.1950056 2.5377394 2.1950056 0 P 0
L 2.5280393 2.373622 2.5359133 2.373622 0 P 0
L 2.5280393 2.4169291 2.5359133 2.4169291 0 P 0
L 2.5299599 1.3705519 2.5399599 1.3705519 0 P 0
L 2.53 3.9 2.54 3.9 0 P 0
L 2.53 4.03 2.54 4.03 0 P 0
L 2.5319763 2.369685 2.5319763 2.377559 0 P 0
L 2.5319763 2.4129921 2.5319763 2.4208661 0 P 0
L 2.5326315 2.4979286 2.5326315 2.5079286 0 P 0
L 2.5327394 2.1900056 2.5327394 2.2000056 0 P 0
L 2.5349599 1.3655519 2.5349599 1.3755519 0 P 0
L 2.535 3.895 2.535 3.905 0 P 0
L 2.535 4.025 2.535 4.035 0 P 0
L 2.5364502 3.2537364 2.5462926 3.2537364 0 P 0
L 2.5380108 2.2779885 2.5480108 2.2779885 0 P 0
L 2.539 3.544 2.549 3.544 0 P 0
L 2.5409236 3.3679803 2.5509236 3.3679803 0 P 0
L 2.541 3.045 2.551 3.045 0 P 0
L 2.5413714 3.2488152 2.5413714 3.2586576 0 P 0
L 2.543 3.747 2.553 3.747 0 P 0
L 2.5430108 2.2729885 2.5430108 2.2829885 0 P 0
L 2.544 3.118 2.554 3.118 0 P 0
L 2.544 3.539 2.544 3.549 0 P 0
L 2.5440245 1.2399767 2.5760245 1.2399767 0 P 0
L 2.5440245 1.5399767 2.5760245 1.5399767 0 P 0
L 2.545 0.975 2.555 0.975 0 P 0
L 2.545 4.125 2.555 4.125 0 P 0
L 2.5459236 3.3629803 2.5459236 3.3729803 0 P 0
L 2.546 3.04 2.546 3.05 0 P 0
L 2.547 1.679 2.557 1.679 0 P 0
L 2.548 3.742 2.548 3.752 0 P 0
L 2.549 3.113 2.549 3.123 0 P 0
L 2.55 0.97 2.55 0.98 0 P 0
L 2.55 4.12 2.55 4.13 0 P 0
L 2.552 1.674 2.552 1.684 0 P 0
L 2.5600245 1.2239767 2.5600245 1.2559767 0 P 0
L 2.5600245 1.5239767 2.5600245 1.5559767 0 P 0
L 2.5625 3.705 2.5725 3.705 0 P 0
L 2.5625 3.835 2.5725 3.835 0 P 0
L 2.5625 3.965 2.5725 3.965 0 P 0
L 2.564 2.903 2.574 2.903 0 P 0
L 2.5649064 3.1420936 2.5749064 3.1420936 0 P 0
L 2.565 3.566 2.575 3.566 0 P 0
L 2.5675 3.7 2.5675 3.71 0 P 0
L 2.5675 3.83 2.5675 3.84 0 P 0
L 2.5675 3.96 2.5675 3.97 0 P 0
L 2.569 2.898 2.569 2.908 0 P 0
L 2.5698487 3.3658966 2.5798487 3.3658966 0 P 0
L 2.5699064 3.1370936 2.5699064 3.1470936 0 P 0
L 2.5699599 2.5131132 2.5799599 2.5131132 0 P 0
L 2.57 3.561 2.57 3.571 0 P 0
L 2.571 3.919 2.581 3.919 0 P 0
L 2.5713464 2.373622 2.5792204 2.373622 0 P 0
L 2.5713464 2.4169291 2.5792204 2.4169291 0 P 0
L 2.5748487 3.3608966 2.5748487 3.3708966 0 P 0
L 2.5749599 2.5081132 2.5749599 2.5181132 0 P 0
L 2.575 0.54 2.585 0.54 0 P 0
L 2.5752834 2.369685 2.5752834 2.377559 0 P 0
L 2.5752834 2.4129921 2.5752834 2.4208661 0 P 0
L 2.576 3.914 2.576 3.924 0 P 0
L 2.5772395 3.3378542 2.5872395 3.3378542 0 P 0
L 2.578 2.952 2.588 2.952 0 P 0
L 2.58 0.535 2.58 0.545 0 P 0
L 2.5822395 3.3328542 2.5822395 3.3428542 0 P 0
L 2.5825 0.9 2.5925 0.9 0 P 0
L 2.5825 1.05 2.5925 1.05 0 P 0
L 2.583 2.947 2.583 2.957 0 P 0
L 2.587434 3.166 2.597434 3.166 0 P 0
L 2.5875 0.895 2.5875 0.905 0 P 0
L 2.5875 1.045 2.5875 1.055 0 P 0
L 2.5897158 2.9992842 2.5997158 2.9992842 0 P 0
L 2.592434 3.161 2.592434 3.171 0 P 0
L 2.5947158 2.9942842 2.5947158 3.0042842 0 P 0
L 2.595 3.77 2.605 3.77 0 P 0
L 2.595 4.03 2.605 4.03 0 P 0
L 2.6 3.076 2.61 3.076 0 P 0
L 2.6 3.765 2.6 3.775 0 P 0
L 2.6 4.025 2.6 4.035 0 P 0
L 2.602 2.508181 2.612 2.508181 0 P 0
L 2.6027454 1.8727144 2.6127454 1.8727144 0 P 0
L 2.605 3.071 2.605 3.081 0 P 0
L 2.607 2.503181 2.607 2.513181 0 P 0
L 2.6077454 1.8677144 2.6077454 1.8777144 0 P 0
L 2.608 1.7968028 2.618 1.7968028 0 P 0
L 2.608189 1.3366142 2.618189 1.3366142 0 P 0
L 2.613 1.7918028 2.613 1.8018028 0 P 0
L 2.6131102 1.5757874 2.6231102 1.5757874 0 P 0
L 2.613189 1.3316142 2.613189 1.3416142 0 P 0
L 2.616063 2.2116142 2.626063 2.2116142 0 P 0
L 2.6181102 1.5707874 2.6181102 1.5807874 0 P 0
L 2.6193149 2.9723149 2.6293149 2.9723149 0 P 0
L 2.62 0.975 2.63 0.975 0 P 0
L 2.62 2.0074762 2.63 2.0074762 0 P 0
L 2.62 2.175 2.63 2.175 0 P 0
L 2.62 2.325 2.63 2.325 0 P 0
L 2.62 4.125 2.63 4.125 0 P 0
L 2.621063 2.2066142 2.621063 2.2166142 0 P 0
L 2.622 2.243 2.632 2.243 0 P 0
L 2.623094 2.594094 2.633094 2.594094 0 P 0
L 2.624 2.291 2.634 2.291 0 P 0
L 2.6243149 2.9673149 2.6243149 2.9773149 0 P 0
L 2.6248527 3.7298527 2.6348527 3.7298527 0 P 0
L 2.625 0.97 2.625 0.98 0 P 0
L 2.625 2.0024762 2.625 2.0124762 0 P 0
L 2.625 2.17 2.625 2.18 0 P 0
L 2.625 2.32 2.625 2.33 0 P 0
L 2.625 4.12 2.625 4.13 0 P 0
L 2.627 2.238 2.627 2.248 0 P 0
L 2.6275 3.835 2.6375 3.835 0 P 0
L 2.6275 3.965 2.6375 3.965 0 P 0
L 2.628 3.631 2.638 3.631 0 P 0
L 2.628094 2.589094 2.628094 2.599094 0 P 0
L 2.629 2.286 2.629 2.296 0 P 0
L 2.6298527 3.7248527 2.6298527 3.7348527 0 P 0
L 2.631 3.131 2.641 3.131 0 P 0
L 2.6325 3.83 2.6325 3.84 0 P 0
L 2.6325 3.96 2.6325 3.97 0 P 0
L 2.633 3.626 2.633 3.636 0 P 0
L 2.635 0.54 2.645 0.54 0 P 0
L 2.636 3.126 2.636 3.136 0 P 0
L 2.64 0.535 2.64 0.545 0 P 0
L 2.641654 2.654528 2.651654 2.654528 0 P 0
L 2.6440245 1.2399767 2.6760245 1.2399767 0 P 0
L 2.6440245 1.5399767 2.6760245 1.5399767 0 P 0
L 2.646654 2.649528 2.646654 2.659528 0 P 0
L 2.6467884 3.379 2.6567884 3.379 0 P 0
L 2.6509252 1.5827808 2.6609252 1.5827808 0 P 0
L 2.6517884 3.374 2.6517884 3.384 0 P 0
L 2.652 3.075 2.662 3.075 0 P 0
L 2.653874 0.694024 2.693244 0.694024 0 P 0
L 2.654 2.5 2.664 2.5 0 P 0
L 2.6559252 1.5777808 2.6559252 1.5877808 0 P 0
L 2.657 3.07 2.657 3.08 0 P 0
L 2.6575 0.9 2.6675 0.9 0 P 0
L 2.6575 1.05 2.6675 1.05 0 P 0
L 2.659 2.495 2.659 2.505 0 P 0
L 2.659 2.973 2.669 2.973 0 P 0
L 2.66 4.03 2.67 4.03 0 P 0
L 2.6600245 1.2239767 2.6600245 1.2559767 0 P 0
L 2.6600245 1.5239767 2.6600245 1.5559767 0 P 0
L 2.662 2.459 2.672 2.459 0 P 0
L 2.662 3.265 2.672 3.265 0 P 0
L 2.6625 0.895 2.6625 0.905 0 P 0
L 2.6625 1.045 2.6625 1.055 0 P 0
L 2.663 2.002 2.673 2.002 0 P 0
L 2.664 2.968 2.664 2.978 0 P 0
L 2.665 2.76 2.675 2.76 0 P 0
L 2.665 4.025 2.665 4.035 0 P 0
L 2.667 2.454 2.667 2.464 0 P 0
L 2.667 3.26 2.667 3.27 0 P 0
L 2.667 3.65 2.677 3.65 0 P 0
L 2.668 1.997 2.668 2.007 0 P 0
L 2.669 1.649 2.679 1.649 0 P 0
L 2.6695268 3.3555268 2.6795268 3.3555268 0 P 0
L 2.67 2.755 2.67 2.765 0 P 0
L 2.672 3.645 2.672 3.655 0 P 0
L 2.6721251 2.4167244 2.6821251 2.4167244 0 P 0
L 2.673559 0.674339 2.673559 0.713709 0 P 0
L 2.674 1.644 2.674 1.654 0 P 0
L 2.6745268 3.3505268 2.6745268 3.3605268 0 P 0
L 2.6761024 1.3484252 2.6861024 1.3484252 0 P 0
L 2.6770228 3.9120715 2.6870228 3.9120715 0 P 0
L 2.6771251 2.4117244 2.6771251 2.4217244 0 P 0
L 2.681 3.788 2.691 3.788 0 P 0
L 2.6811024 1.3434252 2.6811024 1.3534252 0 P 0
L 2.6820228 3.9070715 2.6820228 3.9170715 0 P 0
L 2.686 2.35 2.696 2.35 0 P 0
L 2.686 3.783 2.686 3.793 0 P 0
L 2.691 2.345 2.691 2.355 0 P 0
L 2.692 2.209 2.702 2.209 0 P 0
L 2.6925 3.835 2.7025 3.835 0 P 0
L 2.6925 3.965 2.7025 3.965 0 P 0
L 2.695 0.54 2.705 0.54 0 P 0
L 2.695 0.975 2.705 0.975 0 P 0
L 2.695 4.125 2.705 4.125 0 P 0
L 2.6950388 3.8697315 2.7050388 3.8697315 0 P 0
L 2.697 2.11 2.707 2.11 0 P 0
L 2.697 2.204 2.697 2.214 0 P 0
L 2.6975 3.83 2.6975 3.84 0 P 0
L 2.6975 3.96 2.6975 3.97 0 P 0
L 2.699212 1.8065742 2.709212 1.8065742 0 P 0
L 2.7 0.535 2.7 0.545 0 P 0
L 2.7 0.97 2.7 0.98 0 P 0
L 2.7 4.12 2.7 4.13 0 P 0
L 2.7000388 3.8647315 2.7000388 3.8747315 0 P 0
L 2.702 2.105 2.702 2.115 0 P 0
L 2.704212 1.8015742 2.704212 1.8115742 0 P 0
L 2.709 1.498 2.719 1.498 0 P 0
L 2.71 2.254 2.72 2.254 0 P 0
L 2.7116621 3.3536621 2.7216621 3.3536621 0 P 0
L 2.7119448 0.6694177 2.7335982 0.6694177 0 P 0
L 2.7119448 0.7186303 2.7335982 0.7186303 0 P 0
L 2.714 1.493 2.714 1.503 0 P 0
L 2.715 2.249 2.715 2.259 0 P 0
L 2.7166621 3.3486621 2.7166621 3.3586621 0 P 0
L 2.7174409 2.003937 2.7274409 2.003937 0 P 0
L 2.719 2.36 2.729 2.36 0 P 0
L 2.7205 3.922 2.7305 3.922 0 P 0
L 2.7224409 1.998937 2.7224409 2.008937 0 P 0
L 2.7227715 0.658591 2.7227715 0.6802444 0 P 0
L 2.7227715 0.7078036 2.7227715 0.729457 0 P 0
L 2.724 2.355 2.724 2.365 0 P 0
L 2.725 2.76 2.735 2.76 0 P 0
L 2.725 3.12 2.735 3.12 0 P 0
L 2.725 4.03 2.735 4.03 0 P 0
L 2.7255 3.917 2.7255 3.927 0 P 0
L 2.7264331 3.0715669 2.7364331 3.0715669 0 P 0
L 2.728 2.517 2.738 2.517 0 P 0
L 2.728 2.572 2.738 2.572 0 P 0
L 2.7282677 1.4173228 2.7382677 1.4173228 0 P 0
L 2.73 2.755 2.73 2.765 0 P 0
L 2.73 3.115 2.73 3.125 0 P 0
L 2.73 4.025 2.73 4.035 0 P 0
L 2.7314331 3.0665669 2.7314331 3.0765669 0 P 0
L 2.7318668 1.5762082 2.7418668 1.5762082 0 P 0
L 2.7325 0.9 2.7425 0.9 0 P 0
L 2.7325 1.05 2.7425 1.05 0 P 0
L 2.733 2.512 2.733 2.522 0 P 0
L 2.733 2.567 2.733 2.577 0 P 0
L 2.7332677 1.4123228 2.7332677 1.4223228 0 P 0
L 2.7368668 1.5712082 2.7368668 1.5812082 0 P 0
L 2.737 2.868 2.747 2.868 0 P 0
L 2.7375 0.895 2.7375 0.905 0 P 0
L 2.7375 1.045 2.7375 1.055 0 P 0
L 2.742 2.863 2.742 2.873 0 P 0
L 2.7440245 1.2399767 2.7760245 1.2399767 0 P 0
L 2.7440245 1.5399767 2.7760245 1.5399767 0 P 0
L 2.7498583 2.3708898 2.7598583 2.3708898 0 P 0
L 2.75 3.73 2.76 3.73 0 P 0
L 2.7505 2.1037509 2.7605 2.1037509 0 P 0
L 2.7548583 2.3658898 2.7548583 2.3758898 0 P 0
L 2.755 0.54 2.765 0.54 0 P 0
L 2.755 3.725 2.755 3.735 0 P 0
L 2.7555 2.0987509 2.7555 2.1087509 0 P 0
L 2.76 0.535 2.76 0.545 0 P 0
L 2.76 3.285 2.77 3.285 0 P 0
L 2.7600245 1.2239767 2.7600245 1.2559767 0 P 0
L 2.7600245 1.5239767 2.7600245 1.5559767 0 P 0
L 2.7611574 0.6694177 2.7828108 0.6694177 0 P 0
L 2.7611574 0.7186303 2.7828108 0.7186303 0 P 0
L 2.764 1.6666063 2.774 1.6666063 0 P 0
L 2.764 1.998 2.774 1.998 0 P 0
L 2.765 3.28 2.765 3.29 0 P 0
L 2.769 1.6616063 2.769 1.6716063 0 P 0
L 2.769 1.993 2.769 2.003 0 P 0
L 2.7695 1.8825 2.7795 1.8825 0 P 0
L 2.77 0.975 2.78 0.975 0 P 0
L 2.77 3.572 2.78 3.572 0 P 0
L 2.77 4.125 2.78 4.125 0 P 0
L 2.7708815 3.4667472 2.7808815 3.4667472 0 P 0
L 2.7719841 0.658591 2.7719841 0.6802444 0 P 0
L 2.7719841 0.7078036 2.7719841 0.729457 0 P 0
L 2.7745 1.8775 2.7745 1.8875 0 P 0
L 2.775 0.97 2.775 0.98 0 P 0
L 2.775 3.567 2.775 3.577 0 P 0
L 2.775 4.12 2.775 4.13 0 P 0
L 2.7758815 3.4617472 2.7758815 3.4717472 0 P 0
L 2.7794488 1.5787402 2.7894488 1.5787402 0 P 0
L 2.7823218 2.3773801 2.7923218 2.3773801 0 P 0
L 2.7840795 2.9161252 2.7940795 2.9161252 0 P 0
L 2.7844488 1.5737402 2.7844488 1.5837402 0 P 0
L 2.785 2.76 2.795 2.76 0 P 0
L 2.786 1.939 2.796 1.939 0 P 0
L 2.7873218 2.3723801 2.7873218 2.3823801 0 P 0
L 2.7873228 1.492126 2.7973228 1.492126 0 P 0
L 2.7890795 2.9111252 2.7890795 2.9211252 0 P 0
L 2.7895 3.401 2.7995 3.401 0 P 0
L 2.79 2.755 2.79 2.765 0 P 0
L 2.79 2.86 2.8 2.86 0 P 0
L 2.791 1.934 2.791 1.944 0 P 0
L 2.7923228 1.487126 2.7923228 1.497126 0 P 0
L 2.794 3.155 2.804 3.155 0 P 0
L 2.7945 3.396 2.7945 3.406 0 P 0
L 2.7945 3.907 2.8045 3.907 0 P 0
L 2.795 2.855 2.795 2.865 0 P 0
L 2.799 3.15 2.799 3.16 0 P 0
L 2.7991339 2.2155512 2.8091339 2.2155512 0 P 0
L 2.7995 3.902 2.7995 3.912 0 P 0
L 2.8041339 2.2105512 2.8041339 2.2205512 0 P 0
L 2.805 1.963 2.815 1.963 0 P 0
L 2.805 2.092 2.815 2.092 0 P 0
L 2.8075 0.9 2.8175 0.9 0 P 0
L 2.8075 1.05 2.8175 1.05 0 P 0
L 2.8075 4.05 2.8175 4.05 0 P 0
L 2.809 1.676 2.819 1.676 0 P 0
L 2.8099606 1.3356299 2.8199606 1.3356299 0 P 0
L 2.81 1.958 2.81 1.968 0 P 0
L 2.81 2.087 2.81 2.097 0 P 0
L 2.810024 1.5492126 2.820024 1.5492126 0 P 0
L 2.81037 0.6694177 2.8320234 0.6694177 0 P 0
L 2.81037 0.7186303 2.8320234 0.7186303 0 P 0
L 2.812 2.385 2.822 2.385 0 P 0
L 2.8125 0.895 2.8125 0.905 0 P 0
L 2.8125 1.045 2.8125 1.055 0 P 0
L 2.8125 4.045 2.8125 4.055 0 P 0
L 2.8129134 2.1811024 2.8229134 2.1811024 0 P 0
L 2.8137645 2.1447645 2.8237645 2.1447645 0 P 0
L 2.814 1.671 2.814 1.681 0 P 0
L 2.814 3.579 2.824 3.579 0 P 0
L 2.8149606 1.3306299 2.8149606 1.3406299 0 P 0
L 2.815 0.54 2.825 0.54 0 P 0
L 2.815024 1.5442126 2.815024 1.5542126 0 P 0
L 2.817 2.38 2.817 2.39 0 P 0
L 2.8179134 2.1761024 2.8179134 2.1861024 0 P 0
L 2.8180234 2.5910234 2.8280234 2.5910234 0 P 0
L 2.8181058 2.549 2.8281058 2.549 0 P 0
L 2.8187645 2.1397645 2.8187645 2.1497645 0 P 0
L 2.819 3.574 2.819 3.584 0 P 0
L 2.82 0.535 2.82 0.545 0 P 0
L 2.8211967 0.658591 2.8211967 0.6802444 0 P 0
L 2.8211967 0.7078036 2.8211967 0.729457 0 P 0
L 2.8220635 3.4667472 2.8320635 3.4667472 0 P 0
L 2.8225 3.705 2.8325 3.705 0 P 0
L 2.8230234 2.5860234 2.8230234 2.5960234 0 P 0
L 2.8231058 2.544 2.8231058 2.554 0 P 0
L 2.824 2.929 2.834 2.929 0 P 0
L 2.826 2.626 2.836 2.626 0 P 0
L 2.8270635 3.4617472 2.8270635 3.4717472 0 P 0
L 2.8275 3.7 2.8275 3.71 0 P 0
L 2.829 2.924 2.829 2.934 0 P 0
L 2.8306299 1.5826772 2.8406299 1.5826772 0 P 0
L 2.831 2.621 2.831 2.631 0 P 0
L 2.832049 3.060951 2.842049 3.060951 0 P 0
L 2.834 3.155 2.844 3.155 0 P 0
L 2.834 3.854 2.844 3.854 0 P 0
L 2.8356299 1.5776772 2.8356299 1.5876772 0 P 0
L 2.837049 3.055951 2.837049 3.065951 0 P 0
L 2.839 3.15 2.839 3.16 0 P 0
L 2.839 3.849 2.839 3.859 0 P 0
L 2.8440245 1.2399767 2.8760245 1.2399767 0 P 0
L 2.8440245 1.5399767 2.8760245 1.5399767 0 P 0
L 2.845 0.975 2.855 0.975 0 P 0
L 2.845 4.125 2.855 4.125 0 P 0
L 2.847 2.303 2.857 2.303 0 P 0
L 2.848 1.792 2.858 1.792 0 P 0
L 2.85 0.97 2.85 0.98 0 P 0
L 2.85 4.12 2.85 4.13 0 P 0
L 2.852 2.298 2.852 2.308 0 P 0
L 2.853 1.787 2.853 1.797 0 P 0
L 2.853 2.509 2.863 2.509 0 P 0
L 2.858 2.504 2.858 2.514 0 P 0
L 2.8580102 2.3969661 2.8680102 2.3969661 0 P 0
L 2.859448 4.070866 2.959448 4.070866 0 P 0
L 2.8595826 0.6694177 2.881236 0.6694177 0 P 0
L 2.8595826 0.7186303 2.881236 0.7186303 0 P 0
L 2.8600245 1.2239767 2.8600245 1.2559767 0 P 0
L 2.8600245 1.5239767 2.8600245 1.5559767 0 P 0
L 2.8630102 2.3919661 2.8630102 2.4019661 0 P 0
L 2.8669106 3.2509106 2.8769106 3.2509106 0 P 0
L 2.8673071 2.0256929 2.8773071 2.0256929 0 P 0
L 2.8690157 2.1811024 2.8790157 2.1811024 0 P 0
L 2.8695 3.728 2.8795 3.728 0 P 0
L 2.8704093 0.658591 2.8704093 0.6802444 0 P 0
L 2.8704093 0.7078036 2.8704093 0.729457 0 P 0
L 2.8719106 3.2459106 2.8719106 3.2559106 0 P 0
L 2.872 2.59 2.882 2.59 0 P 0
L 2.8723071 2.0206929 2.8723071 2.0306929 0 P 0
L 2.874 2.9272672 2.884 2.9272672 0 P 0
L 2.8740157 2.1761024 2.8740157 2.1861024 0 P 0
L 2.8745 3.723 2.8745 3.733 0 P 0
L 2.875 0.54 2.885 0.54 0 P 0
L 2.875 3.034 2.885 3.034 0 P 0
L 2.877 2.585 2.877 2.595 0 P 0
L 2.879 2.9222672 2.879 2.9322672 0 P 0
L 2.88 0.535 2.88 0.545 0 P 0
L 2.88 2.307 2.89 2.307 0 P 0
L 2.88 3.029 2.88 3.039 0 P 0
L 2.8825 0.9 2.8925 0.9 0 P 0
L 2.8825 1.05 2.8925 1.05 0 P 0
L 2.885 2.302 2.885 2.312 0 P 0
L 2.8875 0.895 2.8875 0.905 0 P 0
L 2.8875 1.045 2.8875 1.055 0 P 0
L 2.8875 3.575 2.8975 3.575 0 P 0
L 2.887985 2.113 2.897985 2.113 0 P 0
L 2.8881266 3.346 2.8981266 3.346 0 P 0
L 2.891 3.154 2.901 3.154 0 P 0
L 2.8925 3.57 2.8925 3.58 0 P 0
L 2.892985 2.108 2.892985 2.118 0 P 0
L 2.8931266 3.341 2.8931266 3.351 0 P 0
L 2.8955906 1.5797244 2.9055906 1.5797244 0 P 0
L 2.896 3.149 2.896 3.159 0 P 0
L 2.897 1.786 2.907 1.786 0 P 0
L 2.8986929 2.486307 2.9086929 2.486307 0 P 0
L 2.9005906 1.5747244 2.9005906 1.5847244 0 P 0
L 2.902 1.781 2.902 1.791 0 P 0
L 2.9036929 2.481307 2.9036929 2.491307 0 P 0
L 2.905 2.76 2.915 2.76 0 P 0
L 2.9087952 0.6694177 2.9304486 0.6694177 0 P 0
L 2.9087952 0.7186303 2.9304486 0.7186303 0 P 0
L 2.909448 4.020866 2.909448 4.120866 0 P 0
L 2.91 2.755 2.91 2.765 0 P 0
L 2.911 2.345 2.921 2.345 0 P 0
L 2.912 2.943 2.922 2.943 0 P 0
L 2.912 3.736 2.922 3.736 0 P 0
L 2.914 3.821 2.924 3.821 0 P 0
L 2.916 2.34 2.916 2.35 0 P 0
L 2.916 3.856 2.926 3.856 0 P 0
L 2.917 2.938 2.917 2.948 0 P 0
L 2.917 3.731 2.917 3.741 0 P 0
L 2.919 3.816 2.919 3.826 0 P 0
L 2.9196219 0.658591 2.9196219 0.6802444 0 P 0
L 2.9196219 0.7078036 2.9196219 0.729457 0 P 0
L 2.92 0.975 2.93 0.975 0 P 0
L 2.92 1.725 2.93 1.725 0 P 0
L 2.92 3.9 2.93 3.9 0 P 0
L 2.921 3.851 2.921 3.861 0 P 0
L 2.925 0.97 2.925 0.98 0 P 0
L 2.925 1.576 2.935 1.576 0 P 0
L 2.925 1.72 2.925 1.73 0 P 0
L 2.925 3.895 2.925 3.905 0 P 0
L 2.926 2.056 2.936 2.056 0 P 0
L 2.926 2.112 2.936 2.112 0 P 0
L 2.93 1.571 2.93 1.581 0 P 0
L 2.931 2.051 2.931 2.061 0 P 0
L 2.931 2.107 2.931 2.117 0 P 0
L 2.931 2.322 2.941 2.322 0 P 0
L 2.931 3.294 2.941 3.294 0 P 0
L 2.932537 3.069463 2.942537 3.069463 0 P 0
L 2.934 3.154 2.944 3.154 0 P 0
L 2.935 0.54 2.945 0.54 0 P 0
L 2.936 2.317 2.936 2.327 0 P 0
L 2.936 3.289 2.936 3.299 0 P 0
L 2.937537 3.064463 2.937537 3.074463 0 P 0
L 2.939 1.9403296 2.949 1.9403296 0 P 0
L 2.939 3.149 2.939 3.159 0 P 0
L 2.939 3.569 2.949 3.569 0 P 0
L 2.94 0.535 2.94 0.545 0 P 0
L 2.941 2.952 2.951 2.952 0 P 0
L 2.944 1.9353296 2.944 1.9453296 0 P 0
L 2.944 3.564 2.944 3.574 0 P 0
L 2.9440245 1.2399767 2.9760245 1.2399767 0 P 0
L 2.9440245 1.5399767 2.9760245 1.5399767 0 P 0
L 2.945 2.47 2.955 2.47 0 P 0
L 2.946 1.705 2.956 1.705 0 P 0
L 2.946 2.947 2.946 2.957 0 P 0
L 2.947 3.794 2.957 3.794 0 P 0
L 2.95 2.465 2.95 2.475 0 P 0
L 2.951 1.7 2.951 1.71 0 P 0
L 2.951 2.6661969 2.961 2.6661969 0 P 0
L 2.952 3.789 2.952 3.799 0 P 0
L 2.956 2.6611969 2.956 2.6711969 0 P 0
L 2.9575 0.9 2.9675 0.9 0 P 0
L 2.9575 1.05 2.9675 1.05 0 P 0
L 2.9580078 0.6694177 2.9796612 0.6694177 0 P 0
L 2.9580078 0.7186303 2.9796612 0.7186303 0 P 0
L 2.9600245 1.2239767 2.9600245 1.2559767 0 P 0
L 2.9600245 1.5239767 2.9600245 1.5559767 0 P 0
L 2.961 1.901 2.971 1.901 0 P 0
L 2.9625 0.895 2.9625 0.905 0 P 0
L 2.9625 1.045 2.9625 1.055 0 P 0
L 2.9651815 3.2182912 2.9751815 3.2182912 0 P 0
L 2.966 1.896 2.966 1.906 0 P 0
L 2.9683779 1.95 2.9783779 1.95 0 P 0
L 2.9688345 0.658591 2.9688345 0.6802444 0 P 0
L 2.9688345 0.7078036 2.9688345 0.729457 0 P 0
L 2.9701815 3.2132912 2.9701815 3.2232912 0 P 0
L 2.9733779 1.945 2.9733779 1.955 0 P 0
L 2.974 2.483 2.984 2.483 0 P 0
L 2.979 2.478 2.979 2.488 0 P 0
L 2.979 3.458 2.989 3.458 0 P 0
L 2.9802362 1.5787402 2.9902362 1.5787402 0 P 0
L 2.984 3.453 2.984 3.463 0 P 0
L 2.985 3.51 2.995 3.51 0 P 0
L 2.985 3.64 2.995 3.64 0 P 0
L 2.985 3.9 2.995 3.9 0 P 0
L 2.9852362 1.5737402 2.9852362 1.5837402 0 P 0
L 2.989 1.68 2.999 1.68 0 P 0
L 2.99 3.505 2.99 3.515 0 P 0
L 2.99 3.635 2.99 3.645 0 P 0
L 2.99 3.895 2.99 3.905 0 P 0
L 2.991 2.283 3.001 2.283 0 P 0
L 2.991 2.663 3.001 2.663 0 P 0
L 2.994 1.675 2.994 1.685 0 P 0
L 2.995 0.54 3.005 0.54 0 P 0
L 2.995 0.975 3.005 0.975 0 P 0
L 2.995 4.125 3.005 4.125 0 P 0
L 2.996 2.278 2.996 2.288 0 P 0
L 2.996 2.658 2.996 2.668 0 P 0
L 2.996 3.155 3.006 3.155 0 P 0
L 2.9983621 0.694024 3.0377321 0.694024 0 P 0
L 3 0.535 3 0.545 0 P 0
L 3 0.97 3 0.98 0 P 0
L 3 4.12 3 4.13 0 P 0
L 3.001 3.15 3.001 3.16 0 P 0
L 3.0077953 1.3188976 3.0177953 1.3188976 0 P 0
L 3.008 3.458 3.018 3.458 0 P 0
L 3.0108406 1.5738039 3.0208406 1.5738039 0 P 0
L 3.0127953 1.3138976 3.0127953 1.3238976 0 P 0
L 3.013 3.453 3.013 3.463 0 P 0
L 3.0131795 2.9371352 3.0231795 2.9371352 0 P 0
L 3.0158406 1.5688039 3.0158406 1.5788039 0 P 0
L 3.0175 3.575 3.0275 3.575 0 P 0
L 3.0180471 0.674339 3.0180471 0.713709 0 P 0
L 3.0181795 2.9321352 3.0181795 2.9421352 0 P 0
L 3.02 2.09 3.03 2.09 0 P 0
L 3.0225 3.57 3.0225 3.58 0 P 0
L 3.0235044 2.3731115 3.0313784 2.3731115 0 P 0
L 3.0235044 2.4164186 3.0313784 2.4164186 0 P 0
L 3.025 2.085 3.025 2.095 0 P 0
L 3.025 2.76 3.035 2.76 0 P 0
L 3.0274414 2.3691745 3.0274414 2.3770485 0 P 0
L 3.0274414 2.4124816 3.0274414 2.4203556 0 P 0
L 3.029 2.515 3.039 2.515 0 P 0
L 3.03 2.755 3.03 2.765 0 P 0
L 3.0325 1.05 3.0425 1.05 0 P 0
L 3.033 2.151 3.043 2.151 0 P 0
L 3.034 2.51 3.034 2.52 0 P 0
L 3.034 3.063 3.044 3.063 0 P 0
L 3.036 3.154 3.046 3.154 0 P 0
L 3.0375 1.045 3.0375 1.055 0 P 0
L 3.038 2.146 3.038 2.156 0 P 0
L 3.039 3.058 3.039 3.068 0 P 0
L 3.0391814 1.5799516 3.0491814 1.5799516 0 P 0
L 3.041 3.149 3.041 3.159 0 P 0
L 3.0440245 1.2399767 3.0760245 1.2399767 0 P 0
L 3.0440245 1.5399767 3.0760245 1.5399767 0 P 0
L 3.0441814 1.5749516 3.0441814 1.5849516 0 P 0
L 3.05 2.99 3.06 2.99 0 P 0
L 3.055 0.54 3.065 0.54 0 P 0
L 3.055 2.985 3.055 2.995 0 P 0
L 3.06 0.535 3.06 0.545 0 P 0
L 3.0600245 1.2239767 3.0600245 1.2559767 0 P 0
L 3.0600245 1.5239767 3.0600245 1.5559767 0 P 0
L 3.062 2.1585566 3.072 2.1585566 0 P 0
L 3.065 2.51 3.075 2.51 0 P 0
L 3.066 1.79 3.076 1.79 0 P 0
L 3.0668115 2.3731115 3.0746855 2.3731115 0 P 0
L 3.0668115 2.4164186 3.0746855 2.4164186 0 P 0
L 3.067 2.1535566 3.067 2.1635566 0 P 0
L 3.07 0.975 3.08 0.975 0 P 0
L 3.07 2.505 3.07 2.515 0 P 0
L 3.07 4.125 3.08 4.125 0 P 0
L 3.0707485 2.3691745 3.0707485 2.3770485 0 P 0
L 3.0707485 2.4124816 3.0707485 2.4203556 0 P 0
L 3.071 1.785 3.071 1.795 0 P 0
L 3.071 3.833 3.081 3.833 0 P 0
L 3.0728572 3.1281429 3.0828572 3.1281429 0 P 0
L 3.075 0.97 3.075 0.98 0 P 0
L 3.075 4.12 3.075 4.13 0 P 0
L 3.0754173 2.6139607 3.0854173 2.6139607 0 P 0
L 3.076 3.828 3.076 3.838 0 P 0
L 3.077 2.963 3.087 2.963 0 P 0
L 3.0778572 3.1231429 3.0778572 3.1331429 0 P 0
L 3.0804173 2.6089607 3.0804173 2.6189607 0 P 0
L 3.082 1.668 3.092 1.668 0 P 0
L 3.082 2.958 3.082 2.968 0 P 0
L 3.082015 1.5762342 3.092015 1.5762342 0 P 0
L 3.0825 3.575 3.0925 3.575 0 P 0
L 3.0825 3.965 3.0925 3.965 0 P 0
L 3.085 2.76 3.095 2.76 0 P 0
L 3.087 1.663 3.087 1.673 0 P 0
L 3.087015 1.5712342 3.087015 1.5812342 0 P 0
L 3.0875 3.57 3.0875 3.58 0 P 0
L 3.0875 3.96 3.0875 3.97 0 P 0
L 3.09 2.755 3.09 2.765 0 P 0
L 3.092 1.889 3.102 1.889 0 P 0
L 3.0953937 1.496063 3.1053937 1.496063 0 P 0
L 3.097 1.884 3.097 1.894 0 P 0
L 3.1003937 1.491063 3.1003937 1.501063 0 P 0
L 3.102 3.266 3.112 3.266 0 P 0
L 3.107 3.261 3.107 3.271 0 P 0
L 3.1075 1.05 3.1175 1.05 0 P 0
L 3.108 1.792 3.118 1.792 0 P 0
L 3.111 2.616 3.121 2.616 0 P 0
L 3.1112316 2.5036262 3.1212316 2.5036262 0 P 0
L 3.1125 1.045 3.1125 1.055 0 P 0
L 3.113 1.787 3.113 1.797 0 P 0
L 3.115 0.54 3.125 0.54 0 P 0
L 3.115 1.58 3.125 1.58 0 P 0
L 3.115 4.03 3.125 4.03 0 P 0
L 3.116 2.611 3.116 2.621 0 P 0
L 3.1162316 2.4986262 3.1162316 2.5086262 0 P 0
L 3.117 1.733 3.127 1.733 0 P 0
L 3.118 2.136 3.128 2.136 0 P 0
L 3.118 3.215 3.128 3.215 0 P 0
L 3.12 0.535 3.12 0.545 0 P 0
L 3.12 1.575 3.12 1.585 0 P 0
L 3.12 4.025 3.12 4.035 0 P 0
L 3.122 1.728 3.122 1.738 0 P 0
L 3.123 2.131 3.123 2.141 0 P 0
L 3.123 3.21 3.123 3.22 0 P 0
L 3.1246295 2.9387632 3.1346295 2.9387632 0 P 0
L 3.1255 3.592 3.1355 3.592 0 P 0
L 3.1296295 2.9337632 3.1296295 2.9437632 0 P 0
L 3.13 3.452 3.14 3.452 0 P 0
L 3.1305 3.587 3.1305 3.597 0 P 0
L 3.134 2.095 3.144 2.095 0 P 0
L 3.135 3.447 3.135 3.457 0 P 0
L 3.139 2.09 3.139 2.1 0 P 0
L 3.1440245 1.2399767 3.1760245 1.2399767 0 P 0
L 3.1440245 1.5399767 3.1760245 1.5399767 0 P 0
L 3.145 0.975 3.155 0.975 0 P 0
L 3.145 2.76 3.155 2.76 0 P 0
L 3.145 4.125 3.155 4.125 0 P 0
L 3.1475 3.055 3.1575 3.055 0 P 0
L 3.1475 3.965 3.1575 3.965 0 P 0
L 3.15 0.97 3.15 0.98 0 P 0
L 3.15 1.723 3.16 1.723 0 P 0
L 3.15 2.755 3.15 2.765 0 P 0
L 3.15 4.12 3.15 4.13 0 P 0
L 3.152 1.948 3.162 1.948 0 P 0
L 3.1525 3.05 3.1525 3.06 0 P 0
L 3.1525 3.96 3.1525 3.97 0 P 0
L 3.153 2.292 3.163 2.292 0 P 0
L 3.153 3.167 3.163 3.167 0 P 0
L 3.155 1.718 3.155 1.728 0 P 0
L 3.157 1.943 3.157 1.953 0 P 0
L 3.157 2.408 3.167 2.408 0 P 0
L 3.158 2.287 3.158 2.297 0 P 0
L 3.158 3.162 3.158 3.172 0 P 0
L 3.1600245 1.2239767 3.1600245 1.2559767 0 P 0
L 3.1600245 1.5239767 3.1600245 1.5559767 0 P 0
L 3.162 2.403 3.162 2.413 0 P 0
L 3.163435 2.513565 3.173435 2.513565 0 P 0
L 3.166 2.01 3.176 2.01 0 P 0
L 3.1679375 2.9417172 3.1779375 2.9417172 0 P 0
L 3.168435 2.508565 3.168435 2.518565 0 P 0
L 3.169 2.477 3.179 2.477 0 P 0
L 3.1695224 1.5804589 3.1795224 1.5804589 0 P 0
L 3.171 2.005 3.171 2.015 0 P 0
L 3.1729375 2.9367172 3.1729375 2.9467172 0 P 0
L 3.173 3.576 3.183 3.576 0 P 0
L 3.174 2.472 3.174 2.482 0 P 0
L 3.1745224 1.5754589 3.1745224 1.5854589 0 P 0
L 3.175 0.54 3.185 0.54 0 P 0
L 3.176 1.671 3.186 1.671 0 P 0
L 3.178 3.571 3.178 3.581 0 P 0
L 3.1780709 1.9013296 3.1880709 1.9013296 0 P 0
L 3.18 0.535 3.18 0.545 0 P 0
L 3.18 4.03 3.19 4.03 0 P 0
L 3.181 1.666 3.181 1.676 0 P 0
L 3.1825 1.05 3.1925 1.05 0 P 0
L 3.1830709 1.8963296 3.1830709 1.9063296 0 P 0
L 3.185 4.025 3.185 4.035 0 P 0
L 3.1875 1.045 3.1875 1.055 0 P 0
L 3.193 3.0929066 3.203 3.0929066 0 P 0
L 3.193 3.1259774 3.203 3.1259774 0 P 0
L 3.1931496 2.2863386 3.2031496 2.2863386 0 P 0
L 3.198 3.0879066 3.198 3.0979066 0 P 0
L 3.198 3.1209774 3.198 3.1309774 0 P 0
L 3.1981496 2.2813386 3.1981496 2.2913386 0 P 0
L 3.202 2.063 3.212 2.063 0 P 0
L 3.204 1.349 3.214 1.349 0 P 0
L 3.205 1.589 3.215 1.589 0 P 0
L 3.205 2.76 3.215 2.76 0 P 0
L 3.207 2.058 3.207 2.068 0 P 0
L 3.209 1.344 3.209 1.354 0 P 0
L 3.21 1.584 3.21 1.594 0 P 0
L 3.21 2.253 3.22 2.253 0 P 0
L 3.21 2.755 3.21 2.765 0 P 0
L 3.2111334 1.9213296 3.2211334 1.9213296 0 P 0
L 3.212 1.705 3.222 1.705 0 P 0
L 3.2125 3.055 3.2225 3.055 0 P 0
L 3.2125 3.185 3.2225 3.185 0 P 0
L 3.2125 3.315 3.2225 3.315 0 P 0
L 3.2125 3.835 3.2225 3.835 0 P 0
L 3.2125 3.965 3.2225 3.965 0 P 0
L 3.215 2.248 3.215 2.258 0 P 0
L 3.2161334 1.9163296 3.2161334 1.9263296 0 P 0
L 3.217 1.7 3.217 1.71 0 P 0
L 3.2175 3.05 3.2175 3.06 0 P 0
L 3.2175 3.18 3.2175 3.19 0 P 0
L 3.2175 3.31 3.2175 3.32 0 P 0
L 3.2175 3.83 3.2175 3.84 0 P 0
L 3.2175 3.96 3.2175 3.97 0 P 0
L 3.218 2.938 3.228 2.938 0 P 0
L 3.22 4.125 3.23 4.125 0 P 0
L 3.223 2.933 3.223 2.943 0 P 0
L 3.225 4.12 3.225 4.13 0 P 0
L 3.226 3.934 3.236 3.934 0 P 0
L 3.228 1.887 3.238 1.887 0 P 0
L 3.231 3.929 3.231 3.939 0 P 0
L 3.233 1.882 3.233 1.892 0 P 0
L 3.235 0.54 3.245 0.54 0 P 0
L 3.236 3.734 3.246 3.734 0 P 0
L 3.24 0.535 3.24 0.545 0 P 0
L 3.24 1.778 3.25 1.778 0 P 0
L 3.24 2.062 3.25 2.062 0 P 0
L 3.241 3.729 3.241 3.739 0 P 0
L 3.2431493 1.2423383 3.2751493 1.2423383 0 P 0
L 3.2431493 1.5423383 3.2751493 1.5423383 0 P 0
L 3.245 1.773 3.245 1.783 0 P 0
L 3.245 2.057 3.245 2.067 0 P 0
L 3.245 4.03 3.255 4.03 0 P 0
L 3.248 3.387 3.258 3.387 0 P 0
L 3.24877 2.2512513 3.25877 2.2512513 0 P 0
L 3.25 4.025 3.25 4.035 0 P 0
L 3.2510315 2.6206772 3.2610315 2.6206772 0 P 0
L 3.253 3.382 3.253 3.392 0 P 0
L 3.25377 2.2462513 3.25377 2.2562513 0 P 0
L 3.2560315 2.6156772 3.2560315 2.6256772 0 P 0
L 3.2575 0.9 3.2675 0.9 0 P 0
L 3.2575 1.05 3.2675 1.05 0 P 0
L 3.258 1.697 3.268 1.697 0 P 0
L 3.2591493 1.2263383 3.2591493 1.2583383 0 P 0
L 3.2591493 1.5263383 3.2591493 1.5583383 0 P 0
L 3.2625 0.895 3.2625 0.905 0 P 0
L 3.2625 1.045 3.2625 1.055 0 P 0
L 3.263 1.692 3.263 1.702 0 P 0
L 3.264 3.587 3.274 3.587 0 P 0
L 3.265 2.76 3.275 2.76 0 P 0
L 3.267 3.771 3.277 3.771 0 P 0
L 3.268 3.738 3.278 3.738 0 P 0
L 3.269 1.928 3.279 1.928 0 P 0
L 3.269 3.582 3.269 3.592 0 P 0
L 3.27 2.755 3.27 2.765 0 P 0
L 3.2702995 2.9407332 3.2802995 2.9407332 0 P 0
L 3.272 3.766 3.272 3.776 0 P 0
L 3.272938 2.008938 3.282938 2.008938 0 P 0
L 3.273 3.733 3.273 3.743 0 P 0
L 3.274 1.923 3.274 1.933 0 P 0
L 3.275 2.979 3.285 2.979 0 P 0
L 3.2752995 2.9357332 3.2752995 2.9457332 0 P 0
L 3.2775 3.835 3.2875 3.835 0 P 0
L 3.277938 2.003938 3.277938 2.013938 0 P 0
L 3.278 1.784 3.288 1.784 0 P 0
L 3.2793687 2.4871246 3.2893687 2.4871246 0 P 0
L 3.28 2.974 3.28 2.984 0 P 0
L 3.281 2.2998344 3.291 2.2998344 0 P 0
L 3.282 2.046 3.292 2.046 0 P 0
L 3.2825 3.83 3.2825 3.84 0 P 0
L 3.2829936 3.9570067 3.2929936 3.9570067 0 P 0
L 3.283 1.779 3.283 1.789 0 P 0
L 3.284 2.269 3.294 2.269 0 P 0
L 3.2843687 2.4821246 3.2843687 2.4921246 0 P 0
L 3.285 3.714 3.295 3.714 0 P 0
L 3.286 2.2948344 3.286 2.3048344 0 P 0
L 3.287 2.041 3.287 2.051 0 P 0
L 3.2879936 3.9520067 3.2879936 3.9620067 0 P 0
L 3.288 1.33 3.298 1.33 0 P 0
L 3.289 2.264 3.289 2.274 0 P 0
L 3.29 2.604 3.3 2.604 0 P 0
L 3.29 3.709 3.29 3.719 0 P 0
L 3.290245 3.482 3.300245 3.482 0 P 0
L 3.293 1.325 3.293 1.335 0 P 0
L 3.2935218 3.5605234 3.3035218 3.5605234 0 P 0
L 3.295 0.54 3.305 0.54 0 P 0
L 3.295 0.975 3.305 0.975 0 P 0
L 3.295 2.599 3.295 2.609 0 P 0
L 3.295 3.093 3.305 3.093 0 P 0
L 3.295 4.125 3.305 4.125 0 P 0
L 3.295245 3.477 3.295245 3.487 0 P 0
L 3.2985218 3.5555234 3.2985218 3.5655234 0 P 0
L 3.3 0.535 3.3 0.545 0 P 0
L 3.3 0.97 3.3 0.98 0 P 0
L 3.3 3.088 3.3 3.098 0 P 0
L 3.3 4.12 3.3 4.13 0 P 0
L 3.301 1.855 3.311 1.855 0 P 0
L 3.303 3.147 3.313 3.147 0 P 0
L 3.303 3.176 3.313 3.176 0 P 0
L 3.306 1.85 3.306 1.86 0 P 0
L 3.308 3.142 3.308 3.152 0 P 0
L 3.308 3.171 3.308 3.181 0 P 0
L 3.31 2.86 3.32 2.86 0 P 0
L 3.31 3.77 3.32 3.77 0 P 0
L 3.315 2.855 3.315 2.865 0 P 0
L 3.315 3.765 3.315 3.775 0 P 0
L 3.317 1.46 3.327 1.46 0 P 0
L 3.318 2.358 3.328 2.358 0 P 0
L 3.322 1.455 3.322 1.465 0 P 0
L 3.322 3.566 3.332 3.566 0 P 0
L 3.323 2.353 3.323 2.363 0 P 0
L 3.325 2.76 3.335 2.76 0 P 0
L 3.327 3.561 3.327 3.571 0 P 0
L 3.3290712 0.694023 3.3684412 0.694023 0 P 0
L 3.33 2.48 3.34 2.48 0 P 0
L 3.33 2.755 3.33 2.765 0 P 0
L 3.331 1.92 3.341 1.92 0 P 0
L 3.3325 1.05 3.3425 1.05 0 P 0
L 3.3325 2.5502425 3.3425 2.5502425 0 P 0
L 3.335 2.475 3.335 2.485 0 P 0
L 3.336 1.915 3.336 1.925 0 P 0
L 3.3375 1.045 3.3375 1.055 0 P 0
L 3.3375 2.5452425 3.3375 2.5552425 0 P 0
L 3.338 3.074 3.348 3.074 0 P 0
L 3.3429125 1.8079125 3.3529125 1.8079125 0 P 0
L 3.343 3.069 3.343 3.079 0 P 0
L 3.345 1.581 3.355 1.581 0 P 0
L 3.347 2.373 3.357 2.373 0 P 0
L 3.3479125 1.8029125 3.3479125 1.8129125 0 P 0
L 3.3487562 0.674338 3.3487562 0.713708 0 P 0
L 3.35 1.576 3.35 1.586 0 P 0
L 3.35 3.52 3.36 3.52 0 P 0
L 3.351574 4.070866 3.451574 4.070866 0 P 0
L 3.352 2.368 3.352 2.378 0 P 0
L 3.3527638 2.267 3.3627638 2.267 0 P 0
L 3.3547638 2.21 3.3647638 2.21 0 P 0
L 3.355 0.54 3.365 0.54 0 P 0
L 3.355 3.515 3.355 3.525 0 P 0
L 3.3577638 2.262 3.3577638 2.272 0 P 0
L 3.3597638 2.205 3.3597638 2.215 0 P 0
L 3.36 0.535 3.36 0.545 0 P 0
L 3.3601857 1.9289028 3.3701857 1.9289028 0 P 0
L 3.362 3.201 3.372 3.201 0 P 0
L 3.3651857 1.9239028 3.3651857 1.9339028 0 P 0
L 3.367 3.196 3.367 3.206 0 P 0
L 3.37 2.775 3.38 2.775 0 P 0
L 3.375 2.77 3.375 2.78 0 P 0
L 3.375 2.86 3.385 2.86 0 P 0
L 3.3779263 1.5810661 3.3879263 1.5810661 0 P 0
L 3.378 3.076 3.388 3.076 0 P 0
L 3.38 2.855 3.38 2.865 0 P 0
L 3.38 3.38 3.39 3.38 0 P 0
L 3.3821021 1.9099114 3.3921021 1.9099114 0 P 0
L 3.3829263 1.5760661 3.3829263 1.5860661 0 P 0
L 3.383 3.071 3.383 3.081 0 P 0
L 3.385 1.292 3.395 1.292 0 P 0
L 3.385 3.375 3.385 3.385 0 P 0
L 3.3871021 1.9049114 3.3871021 1.9149114 0 P 0
L 3.3871421 0.6694167 3.4087955 0.6694167 0 P 0
L 3.3871421 0.7186293 3.4087955 0.7186293 0 P 0
L 3.39 1.287 3.39 1.297 0 P 0
L 3.3915 3.927 3.4015 3.927 0 P 0
L 3.396 3.731 3.406 3.731 0 P 0
L 3.3965 3.922 3.3965 3.932 0 P 0
L 3.3973296 2.4108781 3.4073296 2.4108781 0 P 0
L 3.3979688 0.65859 3.3979688 0.6802434 0 P 0
L 3.3979688 0.7078026 3.3979688 0.729456 0 P 0
L 3.4000998 2.3539002 3.4100998 2.3539002 0 P 0
L 3.401 3.726 3.401 3.736 0 P 0
L 3.401574 4.020866 3.401574 4.120866 0 P 0
L 3.4021579 1.8251579 3.4121579 1.8251579 0 P 0
L 3.4023296 2.4058781 3.4023296 2.4158781 0 P 0
L 3.4039484 2.3826436 3.4139484 2.3826436 0 P 0
L 3.4050998 2.3489002 3.4050998 2.3589002 0 P 0
L 3.40637 1.94137 3.41637 1.94137 0 P 0
L 3.4071579 1.8201579 3.4071579 1.8301579 0 P 0
L 3.4075 0.9 3.4175 0.9 0 P 0
L 3.4075 1.05 3.4175 1.05 0 P 0
L 3.4075 2.7 3.4175 2.7 0 P 0
L 3.4075 3.185 3.4175 3.185 0 P 0
L 3.4075 3.445 3.4175 3.445 0 P 0
L 3.4075 3.575 3.4175 3.575 0 P 0
L 3.4075 3.835 3.4175 3.835 0 P 0
L 3.4089484 2.3776436 3.4089484 2.3876436 0 P 0
L 3.41137 1.93637 3.41137 1.94637 0 P 0
L 3.412 2.02 3.422 2.02 0 P 0
L 3.4125 0.895 3.4125 0.905 0 P 0
L 3.4125 1.045 3.4125 1.055 0 P 0
L 3.4125 2.695 3.4125 2.705 0 P 0
L 3.4125 3.18 3.4125 3.19 0 P 0
L 3.4125 3.44 3.4125 3.45 0 P 0
L 3.4125 3.57 3.4125 3.58 0 P 0
L 3.4125 3.83 3.4125 3.84 0 P 0
L 3.4142913 1.5797244 3.4242913 1.5797244 0 P 0
L 3.415 0.54 3.425 0.54 0 P 0
L 3.417 2.015 3.417 2.025 0 P 0
L 3.417 2.49 3.427 2.49 0 P 0
L 3.4192913 1.5747244 3.4192913 1.5847244 0 P 0
L 3.42 0.535 3.42 0.545 0 P 0
L 3.421 2.458 3.431 2.458 0 P 0
L 3.4219872 2.4261427 3.4319872 2.4261427 0 P 0
L 3.422 2.485 3.422 2.495 0 P 0
L 3.4222914 2.0892914 3.4322914 2.0892914 0 P 0
L 3.425 2.155 3.435 2.155 0 P 0
L 3.426 2.453 3.426 2.463 0 P 0
L 3.4269872 2.4211427 3.4269872 2.4311427 0 P 0
L 3.4272914 2.0842914 3.4272914 2.0942914 0 P 0
L 3.429 1.692 3.439 1.692 0 P 0
L 3.43 2.15 3.43 2.16 0 P 0
L 3.434 1.687 3.434 1.697 0 P 0
L 3.4363547 0.6694167 3.4580081 0.6694167 0 P 0
L 3.4363547 0.7186293 3.4580081 0.7186293 0 P 0
L 3.4364358 2.0356169 3.4464358 2.0356169 0 P 0
L 3.4389651 2.1295839 3.4489651 2.1295839 0 P 0
L 3.4414358 2.0306169 3.4414358 2.0406169 0 P 0
L 3.442 1.635 3.452 1.635 0 P 0
L 3.4439651 2.1245839 3.4439651 2.1345839 0 P 0
L 3.446064 0.905512 3.546064 0.905512 0 P 0
L 3.447 1.63 3.447 1.64 0 P 0
L 3.4471814 0.65859 3.4471814 0.6802434 0 P 0
L 3.4471814 0.7078026 3.4471814 0.729456 0 P 0
L 3.4472085 2.4888148 3.4572085 2.4888148 0 P 0
L 3.45 2.661418 3.55 2.661418 0 P 0
L 3.4522085 2.4838148 3.4522085 2.4938148 0 P 0
L 3.475 0.54 3.485 0.54 0 P 0
L 3.477811 2.455 3.487811 2.455 0 P 0
L 3.48 0.535 3.48 0.545 0 P 0
L 3.4825 2.55 3.4925 2.55 0 P 0
L 3.4825 2.85 3.4925 2.85 0 P 0
L 3.4825 3 3.4925 3 0 P 0
L 3.4825 3.15 3.4925 3.15 0 P 0
L 3.4825 3.3 3.4925 3.3 0 P 0
L 3.4825 3.45 3.4925 3.45 0 P 0
L 3.4825 3.6 3.4925 3.6 0 P 0
L 3.4825 3.75 3.4925 3.75 0 P 0
L 3.4825 3.9 3.4925 3.9 0 P 0
L 3.4825 4.05 3.4925 4.05 0 P 0
L 3.482811 2.45 3.482811 2.46 0 P 0
L 3.4855673 0.6694167 3.5072207 0.6694167 0 P 0
L 3.4855673 0.7186293 3.5072207 0.7186293 0 P 0
L 3.4875 2.545 3.4875 2.555 0 P 0
L 3.4875 2.845 3.4875 2.855 0 P 0
L 3.4875 2.995 3.4875 3.005 0 P 0
L 3.4875 3.145 3.4875 3.155 0 P 0
L 3.4875 3.295 3.4875 3.305 0 P 0
L 3.4875 3.445 3.4875 3.455 0 P 0
L 3.4875 3.595 3.4875 3.605 0 P 0
L 3.4875 3.745 3.4875 3.755 0 P 0
L 3.4875 3.895 3.4875 3.905 0 P 0
L 3.4875 4.045 3.4875 4.055 0 P 0
L 3.4929136 2.2568705 3.5029136 2.2568705 0 P 0
L 3.494 2.207 3.504 2.207 0 P 0
L 3.496 2.382 3.506 2.382 0 P 0
L 3.496064 0.855512 3.496064 0.955512 0 P 0
L 3.496394 0.65859 3.496394 0.6802434 0 P 0
L 3.496394 0.7078026 3.496394 0.729456 0 P 0
L 3.4979136 2.2518705 3.4979136 2.2618705 0 P 0
L 3.499 2.202 3.499 2.212 0 P 0
L 3.5 2.611418 3.5 2.711418 0 P 0
L 3.501 2.344 3.511 2.344 0 P 0
L 3.501 2.377 3.501 2.387 0 P 0
L 3.506 2.339 3.506 2.349 0 P 0
L 3.509 2.281 3.519 2.281 0 P 0
L 3.512 2.081 3.522 2.081 0 P 0
L 3.513 2.313 3.523 2.313 0 P 0
L 3.514 2.276 3.514 2.286 0 P 0
L 3.517 2.076 3.517 2.086 0 P 0
L 3.518 2.308 3.518 2.318 0 P 0
L 3.52 2.775 3.53 2.775 0 P 0
L 3.52 2.925 3.53 2.925 0 P 0
L 3.52 3.075 3.53 3.075 0 P 0
L 3.5206121 2.2482802 3.5306121 2.2482802 0 P 0
L 3.521 1.433 3.531 1.433 0 P 0
L 3.523 2.2193787 3.533 2.2193787 0 P 0
L 3.525 2.77 3.525 2.78 0 P 0
L 3.525 2.92 3.525 2.93 0 P 0
L 3.525 3.07 3.525 3.08 0 P 0
L 3.5256121 2.2432802 3.5256121 2.2532802 0 P 0
L 3.5256403 1.4023596 3.5356403 1.4023596 0 P 0
L 3.526 1.428 3.526 1.438 0 P 0
L 3.528 2.2143787 3.528 2.2243787 0 P 0
L 3.5306403 1.3973596 3.5306403 1.4073596 0 P 0
L 3.5347799 0.6694167 3.5564333 0.6694167 0 P 0
L 3.5347799 0.7186293 3.5564333 0.7186293 0 P 0
L 3.535 0.54 3.545 0.54 0 P 0
L 3.54 0.535 3.54 0.545 0 P 0
L 3.5447574 2.1747574 3.5547574 2.1747574 0 P 0
L 3.5456066 0.65859 3.5456066 0.6802434 0 P 0
L 3.5456066 0.7078026 3.5456066 0.729456 0 P 0
L 3.5457879 2.3887021 3.5557879 2.3887021 0 P 0
L 3.546 1.463 3.556 1.463 0 P 0
L 3.547 1.364 3.557 1.364 0 P 0
L 3.5497574 2.1697574 3.5497574 2.1797574 0 P 0
L 3.5498328 2.208 3.5598328 2.208 0 P 0
L 3.5507879 2.3837021 3.5507879 2.3937021 0 P 0
L 3.551 1.214 3.561 1.214 0 P 0
L 3.551 1.458 3.551 1.468 0 P 0
L 3.552 1.359 3.552 1.369 0 P 0
L 3.5548328 2.203 3.5548328 2.213 0 P 0
L 3.555 2.562 3.565 2.562 0 P 0
L 3.556 1.209 3.556 1.219 0 P 0
L 3.5575 1.05 3.5675 1.05 0 P 0
L 3.5575 3 3.5675 3 0 P 0
L 3.56 2.557 3.56 2.567 0 P 0
L 3.5625 1.045 3.5625 1.055 0 P 0
L 3.5625 2.995 3.5625 3.005 0 P 0
L 3.57 1.945 3.58 1.945 0 P 0
L 3.575 1.94 3.575 1.95 0 P 0
L 3.583 1.462 3.593 1.462 0 P 0
L 3.5839925 0.6694167 3.6056459 0.6694167 0 P 0
L 3.5839925 0.7186293 3.6056459 0.7186293 0 P 0
L 3.588 1.457 3.588 1.467 0 P 0
L 3.5948192 0.65859 3.5948192 0.6802434 0 P 0
L 3.5948192 0.7078026 3.5948192 0.729456 0 P 0
L 3.595 0.54 3.605 0.54 0 P 0
L 3.595 0.975 3.605 0.975 0 P 0
L 3.595 2.625 3.605 2.625 0 P 0
L 3.595 2.775 3.605 2.775 0 P 0
L 3.5991575 2.4071575 3.6091575 2.4071575 0 P 0
L 3.6 0.535 3.6 0.545 0 P 0
L 3.6 0.97 3.6 0.98 0 P 0
L 3.6 2.62 3.6 2.63 0 P 0
L 3.6 2.77 3.6 2.78 0 P 0
L 3.6041575 2.4021575 3.6041575 2.4121575 0 P 0
L 3.6133229 1.217 3.6233229 1.217 0 P 0
L 3.6183229 1.212 3.6183229 1.222 0 P 0
L 3.6243468 0.694023 3.6637168 0.694023 0 P 0
L 3.6316569 2.3989166 3.6416569 2.3989166 0 P 0
L 3.6325 0.9 3.6425 0.9 0 P 0
L 3.6325 1.05 3.6425 1.05 0 P 0
L 3.6325 2.85 3.6425 2.85 0 P 0
L 3.6325 3 3.6425 3 0 P 0
L 3.6351799 2.1770485 3.6451799 2.1770485 0 P 0
L 3.6366569 2.3939166 3.6366569 2.4039166 0 P 0
L 3.6375 0.895 3.6375 0.905 0 P 0
L 3.6375 1.045 3.6375 1.055 0 P 0
L 3.6375 2.845 3.6375 2.855 0 P 0
L 3.6375 2.995 3.6375 3.005 0 P 0
L 3.6401799 2.1720485 3.6401799 2.1820485 0 P 0
L 3.642 1.681 3.652 1.681 0 P 0
L 3.644 2.371 3.654 2.371 0 P 0
L 3.6440318 0.674338 3.6440318 0.713708 0 P 0
L 3.647 1.676 3.647 1.686 0 P 0
L 3.649 2.366 3.649 2.376 0 P 0
L 3.655 0.54 3.665 0.54 0 P 0
L 3.66 0.535 3.66 0.545 0 P 0
L 3.6633152 2.1840777 3.6733152 2.1840777 0 P 0
L 3.668 1.455 3.678 1.455 0 P 0
L 3.6683152 2.1790777 3.6683152 2.1890777 0 P 0
L 3.67 0.975 3.68 0.975 0 P 0
L 3.67 2.775 3.68 2.775 0 P 0
L 3.67 2.925 3.68 2.925 0 P 0
L 3.673 1.45 3.673 1.46 0 P 0
L 3.6730394 2.394 3.6830394 2.394 0 P 0
L 3.675 0.97 3.675 0.98 0 P 0
L 3.675 2.77 3.675 2.78 0 P 0
L 3.675 2.92 3.675 2.93 0 P 0
L 3.6780394 2.389 3.6780394 2.399 0 P 0
L 3.700379 2.405 3.710379 2.405 0 P 0
L 3.705379 2.4 3.705379 2.41 0 P 0
L 3.706 2.215 3.716 2.215 0 P 0
L 3.706935 2.174065 3.716935 2.174065 0 P 0
L 3.7075 0.9 3.7175 0.9 0 P 0
L 3.7075 1.05 3.7175 1.05 0 P 0
L 3.7075 2.85 3.7175 2.85 0 P 0
L 3.708 2.259 3.718 2.259 0 P 0
L 3.711 2.21 3.711 2.22 0 P 0
L 3.711935 2.169065 3.711935 2.179065 0 P 0
L 3.7125 0.895 3.7125 0.905 0 P 0
L 3.7125 1.045 3.7125 1.055 0 P 0
L 3.7125 2.845 3.7125 2.855 0 P 0
L 3.713 2.254 3.713 2.264 0 P 0
L 3.727 1.367 3.737 1.367 0 P 0
L 3.732 1.362 3.732 1.372 0 P 0
L 3.745 0.675 3.755 0.675 0 P 0
L 3.745 2.775 3.755 2.775 0 P 0
L 3.745 2.925 3.755 2.925 0 P 0
L 3.75 0.67 3.75 0.68 0 P 0
L 3.75 2.77 3.75 2.78 0 P 0
L 3.75 2.92 3.75 2.93 0 P 0
L 3.774 1.915 3.784 1.915 0 P 0
L 3.774 1.955 3.784 1.955 0 P 0
L 3.775 1.6595 3.785 1.6595 0 P 0
L 3.775 1.6995 3.785 1.6995 0 P 0
L 3.779 1.91 3.779 1.92 0 P 0
L 3.779 1.95 3.779 1.96 0 P 0
L 3.78 1.6545 3.78 1.6645 0 P 0
L 3.78 1.6945 3.78 1.7045 0 P 0
L 3.7825 0.75 3.7925 0.75 0 P 0
L 3.7825 0.9 3.7925 0.9 0 P 0
L 3.7825 1.05 3.7925 1.05 0 P 0
L 3.7825 2.85 3.7925 2.85 0 P 0
L 3.7875 0.745 3.7875 0.755 0 P 0
L 3.7875 0.895 3.7875 0.905 0 P 0
L 3.7875 1.045 3.7875 1.055 0 P 0
L 3.7875 2.845 3.7875 2.855 0 P 0
L 3.796 2.5 3.806 2.5 0 P 0
L 3.801 2.495 3.801 2.505 0 P 0
L 3.8026602 2.4596529 3.8126602 2.4596529 0 P 0
L 3.8076602 2.4546529 3.8076602 2.4646529 0 P 0
L 3.82 0.675 3.83 0.675 0 P 0
L 3.82 0.975 3.83 0.975 0 P 0
L 3.82 1.125 3.83 1.125 0 P 0
L 3.82 1.275 3.83 1.275 0 P 0
L 3.82 1.425 3.83 1.425 0 P 0
L 3.82 2.775 3.83 2.775 0 P 0
L 3.823 2.095 3.833 2.095 0 P 0
L 3.824016 0.767716 3.924016 0.767716 0 P 0
L 3.824016 1.338582 3.924016 1.338582 0 P 0
L 3.824016 2.8937 3.924016 2.8937 0 P 0
L 3.825 0.67 3.825 0.68 0 P 0
L 3.825 0.97 3.825 0.98 0 P 0
L 3.825 1.12 3.825 1.13 0 P 0
L 3.825 1.27 3.825 1.28 0 P 0
L 3.825 1.42 3.825 1.43 0 P 0
L 3.825 2.77 3.825 2.78 0 P 0
L 3.828 2.09 3.828 2.1 0 P 0
L 3.828002 2.5978566 3.838002 2.5978566 0 P 0
L 3.832 2.505 3.842 2.505 0 P 0
L 3.833002 2.5928566 3.833002 2.6028566 0 P 0
L 3.834 2.304 3.844 2.304 0 P 0
L 3.837 2.5 3.837 2.51 0 P 0
L 3.839 2.299 3.839 2.309 0 P 0
L 3.84 2.345 3.85 2.345 0 P 0
L 3.840748 2.375748 3.850748 2.375748 0 P 0
L 3.845 2.34 3.845 2.35 0 P 0
L 3.845748 2.370748 3.845748 2.380748 0 P 0
L 3.858 2.209 3.868 2.209 0 P 0
L 3.863 2.204 3.863 2.214 0 P 0
L 3.873 2.595 3.883 2.595 0 P 0
L 3.874016 0.717716 3.874016 0.817716 0 P 0
L 3.874016 1.288582 3.874016 1.388582 0 P 0
L 3.874016 2.8437 3.874016 2.9437 0 P 0
L 3.878 2.59 3.878 2.6 0 P 0
L 3.895 0.675 3.905 0.675 0 P 0
L 3.895 1.425 3.905 1.425 0 P 0
L 3.895 2.775 3.905 2.775 0 P 0
L 3.9 0.67 3.9 0.68 0 P 0
L 3.9 1.42 3.9 1.43 0 P 0
L 3.9 2.77 3.9 2.78 0 P 0
L 3.9325 1.5 3.9425 1.5 0 P 0
L 3.9325 1.65 3.9425 1.65 0 P 0
L 3.9325 1.8 3.9425 1.8 0 P 0
L 3.9325 1.95 3.9425 1.95 0 P 0
L 3.9325 2.1 3.9425 2.1 0 P 0
L 3.9325 2.25 3.9425 2.25 0 P 0
L 3.9325 2.4 3.9425 2.4 0 P 0
L 3.9325 2.55 3.9425 2.55 0 P 0
L 3.9325 2.7 3.9425 2.7 0 P 0
L 3.9325 2.85 3.9425 2.85 0 P 0
L 3.9375 1.495 3.9375 1.505 0 P 0
L 3.9375 1.645 3.9375 1.655 0 P 0
L 3.9375 1.795 3.9375 1.805 0 P 0
L 3.9375 1.945 3.9375 1.955 0 P 0
L 3.9375 2.095 3.9375 2.105 0 P 0
L 3.9375 2.245 3.9375 2.255 0 P 0
L 3.9375 2.395 3.9375 2.405 0 P 0
L 3.9375 2.545 3.9375 2.555 0 P 0
L 3.9375 2.695 3.9375 2.705 0 P 0
L 3.9375 2.845 3.9375 2.855 0 P 0
