#Layer_Physical_Order=3
#Layer_Color=36540
#
#Feature symbol names
#
$0 r6
$1 r8
$2 r39.3701
$3 s39.3701
$4 r22

#
#Feature attribute names
#
@0 .geometry
@1 .pad_usage

#
#Feature attribute text strings
#
&0 Pad_Simple_X39.3701Y39.3701H21.6535C45.6535
&1 VIA_RoundD22.0000H10.0000C50.0000

#
#Layer features
#
L 0.848 2.317 1.3052842 2.317 1 P 0
L 0.8720472 2.1938976 1.0034505 2.1938976 1 P 0
L 0.878 2.342 0.884981 2.348981 1 P 0
L 0.8799213 2.3937008 1.0056464 2.3937008 1 P 0
L 0.884981 2.348981 1.308981 2.348981 1 P 0
L 1.0034505 2.1938976 1.0053481 2.192 1 P 0
L 1.0053481 2.192 1.5142842 2.192 1 P 0
L 1.0056464 2.3937008 1.0216937 2.3776535 1 P 0
L 1.0216937 2.3776535 1.4443693 2.3776535 1 P 0
L 1.124 2.157 1.1852122 2.157 1 P 0
L 1.1852122 2.157 1.2040364 2.1381758 1 P 0
L 1.2040364 2.1381758 1.7972004 2.1381758 1 P 0
L 1.3052842 2.317 1.3412842 2.353 1 P 0
L 1.308981 2.348981 1.311 2.351 1 P 0
L 1.3312628 3.1646173 1.3856455 3.219 0 P 0
L 1.3412842 2.353 1.526 2.353 1 P 0
L 1.3643342 3.1667831 1.4032686 3.2057175 0 P 0
L 1.3720698 3.8152406 1.3938893 3.7934211 1 P 0
L 1.376 2.972 1.5912842 2.972 1 P 0
L 1.3823394 3.7753394 1.3844211 3.7774211 1 P 0
L 1.3844211 3.7774211 1.4006531 3.7774211 1 P 0
L 1.3856455 3.219 2.024 3.219 0 P 0
L 1.3938893 3.7934211 1.4072805 3.7934211 1 P 0
L 1.399 3.826 1.4007225 3.826 1 P 0
L 1.4006531 3.7774211 1.4553242 3.72275 1 P 0
L 1.4007225 3.826 1.4124088 3.8143137 1 P 0
L 1.4032686 3.2057175 1.7498018 3.2057175 0 P 0
L 1.4072805 3.7934211 1.4619516 3.73875 1 P 0
L 1.4124088 3.8090728 1.4124088 3.8143137 1 P 0
L 1.4124088 3.8090728 1.436504 3.7849776 1 P 0
L 1.414 2.608 1.473 2.549 0 P 0
L 1.4284088 3.8157002 1.4284088 3.8235543 1 P 0
L 1.4284088 3.8157002 1.4431314 3.8009776 1 P 0
L 1.4284088 3.8235543 1.439 3.8341455 1 P 0
L 1.428491 3.167 1.4562085 3.1947175 0 P 0
L 1.433 2.946 1.472 2.907 1 P 0
L 1.436504 3.7849776 1.570273 3.7849776 1 P 0
L 1.439 3.8341455 1.439 3.8352406 1 P 0
L 1.4431314 3.8009776 1.5636456 3.8009776 1 P 0
L 1.4443693 2.3776535 1.5657158 2.499 1 P 0
L 1.447 3.559 1.5115363 3.559 1 P 0
L 1.4553242 3.72275 1.65496 3.72275 1 P 0
L 1.4562085 3.1947175 1.7452455 3.1947175 0 P 0
L 1.4619516 3.73875 1.6615874 3.73875 1 P 0
L 1.463924 3.166 1.485 3.166 0 P 0
L 1.472 2.907 1.637 2.907 1 P 0
L 1.473 2.549 1.6602758 2.549 0 P 0
L 1.484459 2.5977078 1.4871668 2.595 0 P 0
L 1.485 3.166 1.5027175 3.1837175 0 P 0
L 1.4871668 2.595 1.6998826 2.595 0 P 0
L 1.495 3.25 1.497 3.248 1 P 0
L 1.497 3.248 1.604 3.248 1 P 0
L 1.5027175 3.1837175 1.6704119 3.1837175 0 P 0
L 1.5115363 3.559 1.5275363 3.543 1 P 0
L 1.5142842 2.192 1.5922842 2.27 1 P 0
L 1.518413 3.164 1.568413 3.114 0 P 0
L 1.526 2.353 1.6139449 2.4409449 1 P 0
L 1.5275363 3.543 1.889 3.543 1 P 0
L 1.5584124 3.1647175 1.6041299 3.119 0 P 0
L 1.5636456 3.8009776 1.5673543 3.8046863 1 P 0
L 1.5657158 2.499 1.86 2.499 1 P 0
L 1.5673543 3.8046863 1.7173622 3.8046863 1 P 0
L 1.568413 3.114 1.5935736 3.114 0 P 0
L 1.570273 3.7849776 1.5739817 3.7886863 1 P 0
L 1.5739817 3.7886863 1.7098578 3.7886863 1 P 0
L 1.5912842 2.972 1.6162842 2.947 1 P 0
L 1.5922842 2.27 1.892 2.27 1 P 0
L 1.5935736 3.114 1.5995736 3.108 0 P 0
L 1.5995736 3.108 1.6783046 3.108 0 P 0
L 1.604 3.248 1.606 3.246 1 P 0
L 1.6041299 3.119 1.6737483 3.119 0 P 0
L 1.6139449 2.4409449 1.7234252 2.4409449 1 P 0
L 1.6162842 2.947 1.703 2.947 1 P 0
L 1.637 2.907 1.655 2.925 1 P 0
L 1.65496 3.72275 1.67371 3.704 1 P 0
L 1.6602758 2.549 1.6689836 2.5577078 0 P 0
L 1.6615874 3.73875 1.6803374 3.72 1 P 0
L 1.667 0.7187868 1.667 0.7692132 0 P 0
L 1.667 0.7187868 1.6992638 0.686523 0 P 0
L 1.667 0.7692132 1.6977868 0.8 0 P 0
L 1.6689836 2.5577078 1.760459 2.5577078 0 P 0
L 1.6704119 3.1837175 1.6761294 3.178 0 P 0
L 1.67371 3.704 1.8637116 3.704 1 P 0
L 1.6737483 3.119 1.6957483 3.141 0 P 0
L 1.6761294 3.178 1.795999 3.178 0 P 0
L 1.6783046 3.108 1.7003046 3.13 0 P 0
L 1.6803374 3.72 1.8637116 3.72 1 P 0
L 1.682 0.725 1.682 0.763 0 P 0
L 1.682 0.725 1.705477 0.701523 0 P 0
L 1.682 0.763 1.704 0.785 0 P 0
L 1.6957483 3.141 2.0460001 3.141 0 P 0
L 1.6977868 0.8 2.4512132 0.8 0 P 0
L 1.6992638 0.686523 1.7368479 0.686523 0 P 0
L 1.6998826 2.595 1.7135904 2.6087078 0 P 0
L 1.7003046 3.13 2.0414438 3.13 0 P 0
L 1.704 0.785 2.047 0.785 0 P 0
L 1.705477 0.701523 1.7368479 0.701523 0 P 0
L 1.7098578 3.7886863 1.7155147 3.7830294 1 P 0
L 1.7135904 2.6087078 1.714459 2.6087078 0 P 0
L 1.7155147 3.7804541 1.7155147 3.7830294 1 P 0
L 1.7155147 3.7804541 1.7260902 3.7698786 1 P 0
L 1.716 3.077 1.7185785 3.0744215 0 P 0
L 1.716 3.1089778 1.716 3.11 0 P 0
L 1.716 3.1089778 1.7799778 3.045 0 P 0
L 1.7173622 3.8046863 1.7241292 3.7979193 1 P 0
L 1.7185785 3.0744215 1.735 3.0744215 0 P 0
L 1.7241292 3.7979193 1.7439176 3.7979193 1 P 0
L 1.7260902 3.7660902 1.7260902 3.7698786 1 P 0
L 1.735 3.0744215 1.7764215 3.033 0 P 0
L 1.7368479 0.686523 1.7403627 0.6830082 0 P 0
L 1.7368479 0.701523 1.7403627 0.7050378 0 P 0
L 1.7403627 0.664839 1.7403627 0.6830082 0 P 0
L 1.7403627 0.664839 1.7565803 0.6486214 0 P 0
L 1.7403627 0.7050378 1.7403627 0.723207 0 P 0
L 1.7403627 0.723207 1.7565803 0.7394246 0 P 0
L 1.7439176 3.7979193 1.7465963 3.7952406 1 P 0
L 1.7452455 3.1947175 1.750963 3.189 0 P 0
L 1.7498018 3.2057175 1.7555193 3.2 0 P 0
L 1.750963 3.189 2.04387 3.189 0 P 0
L 1.7555193 3.2 2.0693779 3.2 0 P 0
L 1.7565803 0.6486214 1.7964651 0.6486214 0 P 0
L 1.7565803 0.7394246 1.7795153 0.7394246 0 P 0
L 1.761 2.555 2.0596261 2.555 0 P 0
L 1.7764215 3.033 1.9733033 3.033 0 P 0
L 1.7795153 0.7394246 1.7836255 0.7353144 0 P 0
L 1.7799778 3.045 1.9768596 3.045 0 P 0
L 1.7836255 0.7353144 1.8005753 0.7353144 0 P 0
L 1.795999 3.178 1.803999 3.17 0 P 0
L 1.7964651 0.6486214 1.8172604 0.6694167 0 P 0
L 1.7972004 2.1381758 1.8270246 2.168 1 P 0
L 1.8005753 0.7353144 1.8172604 0.7186293 0 P 0
L 1.803999 3.17 2.0316704 3.17 0 P 0
L 1.8270246 2.168 2.2237158 2.168 1 P 0
L 1.8492894 1.8035428 1.8523508 1.8004814 0 P 0
L 1.8523508 1.8004814 1.8639366 1.8004814 0 P 0
L 1.857 2.417 1.892 2.452 0 P 0
L 1.8637116 3.704 1.8702116 3.6975 1 P 0
L 1.8637116 3.72 1.8702116 3.7265 1 P 0
L 1.8639366 1.8004814 1.867774 1.796644 0 P 0
L 1.866474 0.669416 1.8941591 0.6417309 0 P 0
L 1.867774 1.796644 1.883514 1.796644 0 P 0
L 1.8702116 3.6975 1.874 3.6975 1 P 0
L 1.8702116 3.7265 1.874 3.7265 1 P 0
L 1.883514 1.796644 1.8974338 1.8105638 0 P 0
L 1.889 3.543 1.9198523 3.5738523 1 P 0
L 1.892 2.27 1.914 2.292 1 P 0
L 1.892 2.452 2.3854002 2.452 0 P 0
L 1.8941591 0.6417309 1.969474 0.6417309 0 P 0
L 1.8974338 1.8105638 1.8974338 1.8354238 0 P 0
L 1.8974338 1.8354238 1.92701 1.865 0 P 0
L 1.914 2.292 1.914 2.318 1 P 0
L 1.915686 0.71863 1.9364816 0.7394256 0 P 0
L 1.9164338 1.8275538 2.2895538 1.8275538 0 P 0
L 1.9198523 3.5738523 1.9198523 3.575 1 P 0
L 1.9198912 2.5092638 1.9229526 2.5062024 0 P 0
L 1.9229526 2.5062024 1.9386569 2.5062024 0 P 0
L 1.92701 1.865 2.271 1.865 0 P 0
L 1.9364816 0.7394256 1.9763655 0.7394256 0 P 0
L 1.9386569 2.5062024 1.9428914 2.5019679 0 P 0
L 1.9428914 2.5019679 2.2139086 2.5019679 0 P 0
L 1.969474 0.6417309 1.9877981 0.660055 0 P 0
L 1.9733033 3.033 1.9843033 3.022 0 P 0
L 1.9763655 0.7394256 1.9925831 0.723208 0 P 0
L 1.9768596 3.045 1.9888596 3.033 0 P 0
L 1.9843033 3.022 2.1872316 3.022 0 P 0
L 1.9877981 0.660055 2.091563 0.660055 0 P 0
L 1.9888596 3.033 2.1703607 3.033 0 P 0
L 1.9925831 0.6785698 1.9925831 0.723208 0 P 0
L 1.9925831 0.6785698 1.9960979 0.675055 0 P 0
L 1.9960979 0.675055 2.0853498 0.675055 0 P 0
L 2.0246063 2.0187008 2.0553071 1.988 0 P 0
L 2.0316704 3.17 2.0416704 3.16 0 P 0
L 2.0414438 3.13 2.1074438 3.064 0 P 0
L 2.0416704 3.16 2.046 3.16 0 P 0
L 2.04387 3.189 2.065 3.16787 0 P 0
L 2.0460001 3.141 2.1040001 3.083 0 P 0
L 2.047 0.785 2.0760005 0.785 0 P 0
L 2.0553071 1.988 2.1665492 1.988 0 P 0
L 2.0596261 2.555 2.0905552 2.5859291 0 P 0
L 2.065 3.1615144 2.065 3.16787 0 P 0
L 2.065 3.1615144 2.0824494 3.144065 0 P 0
L 2.065 3.647 2.1092287 3.647 0 P 0
L 2.0693779 3.2 2.071 3.1983779 0 P 0
L 2.0742919 2.3737004 2.0780803 2.3737004 1 P 0
L 2.0760005 0.785 2.0812005 0.7798 0 P 0
L 2.0780803 2.3737004 2.0867807 2.365 1 P 0
L 2.0811004 1.775 2.1001004 1.756 0 P 0
L 2.0812005 0.7502 2.0812005 0.7798 0 P 0
L 2.0812005 0.7502 2.0864005 0.745 0 P 0
L 2.0853498 0.675055 2.0853501 0.6750553 0 P 0
L 2.0853501 0.6750553 2.1719446 0.6750553 0 P 0
L 2.0864005 0.745 2.1020005 0.745 0 P 0
L 2.0867807 2.365 2.1397158 2.365 1 P 0
L 2.0905552 2.5859291 2.3409897 2.5859291 0 P 0
L 2.091563 0.660055 2.0915633 0.6600553 0 P 0
L 2.0915633 0.6600553 2.1979016 0.6600553 0 P 0
L 2.1001004 1.756 2.1540436 1.756 0 P 0
L 2.102 1.676 2.102 1.704 0 P 0
L 2.102 1.704 2.116 1.718 0 P 0
L 2.1020005 0.745 2.1072005 0.7502 0 P 0
L 2.1040001 3.083 2.1859194 3.083 0 P 0
L 2.1072005 0.7502 2.1072005 0.7798 0 P 0
L 2.1072005 0.7798 2.1124005 0.785 0 P 0
L 2.1074438 3.064 2.1744907 3.064 0 P 0
L 2.1092287 3.647 2.1152287 3.653 0 P 0
L 2.1124005 0.785 2.1280005 0.785 0 P 0
L 2.114 1.737 2.117 1.734 0 P 0
L 2.1152287 3.653 2.1551276 3.653 0 P 0
L 2.116 1.718 2.12187 1.718 0 P 0
L 2.117 1.734 2.3581126 1.734 0 P 0
L 2.12 1.775 2.1505999 1.775 0 P 0
L 2.12187 1.718 2.12387 1.72 0 P 0
L 2.1219333 1.6970633 2.1232976 1.695699 1 P 0
L 2.1232976 1.695699 2.134 1.695699 1 P 0
L 2.12387 1.72 2.266 1.72 0 P 0
L 2.1280005 0.785 2.1332005 0.7798 0 P 0
L 2.1332005 0.7502 2.1332005 0.7798 0 P 0
L 2.1332005 0.7502 2.1384005 0.745 0 P 0
L 2.134 1.6567158 2.134 1.695699 1 P 0
L 2.134 1.6567158 2.1567158 1.634 1 P 0
L 2.1384005 0.745 2.1540005 0.745 0 P 0
L 2.1397158 2.365 2.1728024 2.3980866 1 P 0
L 2.1505999 1.775 2.1695999 1.756 0 P 0
L 2.1540005 0.745 2.1592005 0.7502 0 P 0
L 2.1540436 1.756 2.1650436 1.745 0 P 0
L 2.1551276 3.653 2.1620242 3.6598966 0 P 0
L 2.1567158 1.634 2.603358 1.634 1 P 0
L 2.159 1.701 2.2491649 1.701 0 P 0
L 2.1592005 0.7502 2.1592005 0.7798 0 P 0
L 2.1592005 0.7798 2.1644005 0.785 0 P 0
L 2.1620242 3.6598966 2.3226124 3.6598966 0 P 0
L 2.1644005 0.785 2.185 0.785 0 P 0
L 2.1650436 1.745 2.3535563 1.745 0 P 0
L 2.1665492 1.988 2.1871555 2.0086063 0 P 0
L 2.1695999 1.756 2.349 1.756 0 P 0
L 2.1696969 2.2563151 2.2043148 2.2563151 0 P 0
L 2.1703607 3.033 2.1842993 3.0469386 0 P 0
L 2.1719446 0.6750553 2.1896021 0.6750553 0 P 0
L 2.1728024 2.3980866 2.5885465 2.3980866 1 P 0
L 2.175 2.358 2.198 2.335 0 P 0
L 2.1842993 3.0469386 2.1969386 3.0469386 0 P 0
L 2.185 0.785 2.445 0.785 0 P 0
L 2.1859194 3.083 2.1929998 3.0900804 0 P 0
L 2.1871555 2.0086063 2.2500892 2.0086063 0 P 0
L 2.1872316 3.022 2.1885763 3.0233447 0 P 0
L 2.188 1.775 2.1923296 1.775 0 P 0
L 2.1896021 0.6750553 2.1931169 0.6785701 0 P 0
L 2.1923296 1.775 2.1993296 1.768 0 P 0
L 2.1929998 3.0900804 2.2150804 3.0900804 0 P 0
L 2.1931169 0.6785701 2.1931169 0.723208 0 P 0
L 2.1931169 0.723208 2.2093345 0.7394256 0 P 0
L 2.1969386 3.0469386 2.2 3.05 0 P 0
L 2.1979016 0.6600553 2.216224 0.6417329 0 P 0
L 2.198 2.335 2.5997499 2.335 0 P 0
L 2.1993296 1.768 2.318 1.768 0 P 0
L 2.2043148 2.2563151 2.2521101 2.2085198 0 P 0
L 2.2093345 0.7394256 2.2492204 0.7394256 0 P 0
L 2.2139086 2.5019679 2.2219407 2.51 0 P 0
L 2.2150804 3.0900804 2.216 3.091 0 P 0
L 2.216224 0.6417329 2.2915429 0.6417329 0 P 0
L 2.221 1.671 2.5396704 1.671 0 P 0
L 2.2219407 2.51 2.4764472 2.51 0 P 0
L 2.2237158 2.168 2.2387158 2.153 1 P 0
L 2.2387158 2.153 2.6872842 2.153 1 P 0
L 2.2491649 1.701 2.2651649 1.685 0 P 0
L 2.2492204 0.7394256 2.270016 0.71863 0 P 0
L 2.2500892 2.0086063 2.2594829 2.018 0 P 0
L 2.2521101 2.2085198 2.3566102 2.2085198 0 P 0
L 2.2594829 2.018 2.31387 2.018 0 P 0
L 2.2651649 1.685 2.411 1.685 0 P 0
L 2.266 1.72 2.269 1.723 0 P 0
L 2.269 1.723 2.3840072 1.723 0 P 0
L 2.271 1.865 2.3701811 1.9641811 0 P 0
L 2.289 1.787 2.305132 1.803132 0 P 0
L 2.2895538 1.8275538 2.381 1.919 0 P 0
L 2.2915429 0.6417329 2.319228 0.669418 0 P 0
L 2.305132 1.803132 2.305132 1.8141914 0 P 0
L 2.305132 1.8141914 2.3165148 1.8255742 0 P 0
L 2.31387 2.018 2.3304999 2.0013701 0 P 0
L 2.3165148 1.8255742 2.7329821 1.8255742 0 P 0
L 2.318 1.768 2.349 1.799 0 P 0
L 2.3226124 3.6598966 2.335509 3.647 0 P 0
L 2.3304999 1.9996301 2.3304999 2.0013701 0 P 0
L 2.3304999 1.9996301 2.34713 1.983 0 P 0
L 2.335509 3.647 2.338 3.647 0 P 0
L 2.3409897 2.5859291 2.3596903 2.6046297 0 P 0
L 2.34713 1.983 2.7015039 1.983 0 P 0
L 2.349 1.756 2.373 1.78 0 P 0
L 2.349 1.799 2.38087 1.799 0 P 0
L 2.3535563 1.745 2.3620527 1.7534964 0 P 0
L 2.3566102 2.2085198 2.40013 2.165 0 P 0
L 2.3581126 1.734 2.366609 1.7424964 0 P 0
L 2.3596903 2.6046297 2.5870042 2.6046297 0 P 0
L 2.3620527 1.7534964 2.4572366 1.7534964 0 P 0
L 2.366609 1.7424964 2.4235036 1.7424964 0 P 0
L 2.3684406 0.6694177 2.3892359 0.6486224 0 P 0
L 2.3684406 0.7186303 2.3851257 0.7353154 0 P 0
L 2.3701811 1.9641811 2.81 1.9641811 0 P 0
L 2.372 1.881 2.395 1.904 0 P 0
L 2.38087 1.799 2.38887 1.791 0 P 0
L 2.381 1.919 2.518 1.919 0 P 0
L 2.3840072 1.723 2.3845036 1.7234964 0 P 0
L 2.3851257 0.7353154 2.4020755 0.7353154 0 P 0
L 2.3854002 2.452 2.3924002 2.459 0 P 0
L 2.38887 1.791 2.438 1.791 0 P 0
L 2.3892359 0.6486224 2.4291207 0.6486224 0 P 0
L 2.39 1.9451811 2.3926535 1.9478346 0 P 0
L 2.3924002 2.459 2.667 2.459 0 P 0
L 2.3926535 1.9478346 2.5883459 1.9478346 0 P 0
L 2.395 1.904 2.4823298 1.904 0 P 0
L 2.40013 2.165 2.5384075 2.165 0 P 0
L 2.402 2.201 2.437 2.236 0 P 0
L 2.4020755 0.7353154 2.4061857 0.7394256 0 P 0
L 2.4061857 0.7394256 2.4291207 0.7394256 0 P 0
L 2.411 1.685 2.423 1.697 0 P 0
L 2.4171026 3.502786 2.4171026 3.5065744 0 P 0
L 2.4171026 3.502786 2.428 3.4918886 0 P 0
L 2.423 1.885 2.477 1.885 0 P 0
L 2.4235036 1.7424964 2.484 1.682 0 P 0
L 2.427 3.5362116 2.427 3.54 0 P 0
L 2.427 3.5362116 2.441 3.5222116 0 P 0
L 2.428 3.4206153 2.428 3.4918886 0 P 0
L 2.428 3.4206153 2.6926153 3.156 0 P 0
L 2.4291207 0.6486224 2.4453383 0.66484 0 P 0
L 2.4291207 0.7394256 2.4453383 0.723208 0 P 0
L 2.437 2.236 2.5654001 2.236 0 P 0
L 2.438 1.7944488 2.471319 1.7944488 0 P 0
L 2.441 3.426 2.441 3.5222116 0 P 0
L 2.441 3.426 2.687 3.18 0 P 0
L 2.445 0.785 2.495 0.735 0 P 0
L 2.4453383 0.66484 2.4453383 0.6830092 0 P 0
L 2.4453383 0.6830092 2.4488531 0.686524 0 P 0
L 2.4453383 0.7050388 2.4453383 0.723208 0 P 0
L 2.4453383 0.7050388 2.4488531 0.701524 0 P 0
L 2.4488531 0.686524 2.4542924 0.686524 0 P 0
L 2.4488531 0.701524 2.4605056 0.701524 0 P 0
L 2.4512132 0.8 2.51 0.7412132 0 P 0
L 2.4542924 0.686524 2.4628164 0.678 0 P 0
L 2.4572366 1.7534964 2.4862205 1.7824803 0 P 0
L 2.4605056 0.701524 2.4690296 0.693 0 P 0
L 2.462 3.505 2.477 3.49 0 P 0
L 2.4628164 0.678 2.4802132 0.678 0 P 0
L 2.466 3.534 2.481 3.519 0 P 0
L 2.4690296 0.693 2.474 0.693 0 P 0
L 2.471319 1.7944488 2.4823525 1.8054823 0 P 0
L 2.474 0.693 2.495 0.714 0 P 0
L 2.4764472 2.51 2.4994472 2.533 0 P 0
L 2.477 1.885 2.5221972 1.8398028 0 P 0
L 2.477 3.4755737 2.477 3.49 0 P 0
L 2.477 3.4755737 2.5544819 3.3980918 0 P 0
L 2.4802132 0.678 2.51 0.7077868 0 P 0
L 2.481 3.5015563 2.481 3.519 0 P 0
L 2.481 3.5015563 2.488 3.4945563 0 P 0
L 2.4823298 1.904 2.5326154 1.8537144 0 P 0
L 2.4823525 1.8054823 2.5253877 1.8054823 0 P 0
L 2.484 1.682 2.52813 1.682 0 P 0
L 2.488 3.48013 2.488 3.4945563 0 P 0
L 2.488 3.48013 2.5570382 3.4110918 0 P 0
L 2.494387 2.9963085 2.4957327 2.9976542 0 P 0
L 2.495 0.714 2.495 0.735 0 P 0
L 2.4957327 2.9976542 2.5930858 2.9976542 0 P 0
L 2.4994472 2.533 2.5550731 2.533 0 P 0
L 2.51 0.7077868 2.51 0.7412132 0 P 0
L 2.512 3.547 2.5146787 3.5496787 1 P 0
L 2.5146787 3.5496787 2.5146787 3.5668061 1 P 0
L 2.5146787 3.5668061 2.7208727 3.7730001 1 P 0
L 2.518 1.919 2.5642856 1.8727144 0 P 0
L 2.52063 1.70137 2.56326 1.744 0 P 0
L 2.5221972 1.8398028 3.0211972 1.8398028 0 P 0
L 2.5253877 1.8054823 2.5364212 1.7944488 0 P 0
L 2.52813 1.682 2.55613 1.71 0 P 0
L 2.5326154 1.8537144 2.6167144 1.8537144 0 P 0
L 2.5345 3.5512884 2.5345 3.564 1 P 0
L 2.5345 3.5512884 2.5417884 3.544 1 P 0
L 2.5345 3.564 2.7275001 3.7570001 1 P 0
L 2.5364212 1.7944488 2.588484 1.7944488 0 P 0
L 2.5384075 2.165 2.5850217 2.2116142 0 P 0
L 2.5396704 1.671 2.5476704 1.679 0 P 0
L 2.5417884 3.544 2.544 3.544 1 P 0
L 2.5459236 3.3679803 2.5459236 3.3689236 0 P 0
L 2.5459236 3.3689236 2.5620918 3.3850918 0 P 0
L 2.5476704 1.679 2.552 1.679 0 P 0
L 2.552 1.679 2.568 1.695 0 P 0
L 2.5544819 3.3980918 2.5852929 3.3980918 0 P 0
L 2.5548535 3.3305312 2.5548535 3.3468535 0 P 0
L 2.5548535 3.3305312 2.6803847 3.205 0 P 0
L 2.5548535 3.3468535 2.5738966 3.3658966 0 P 0
L 2.5550731 2.533 2.5749599 2.5131132 0 P 0
L 2.55613 1.71 2.7478695 1.71 0 P 0
L 2.5570382 3.4110918 2.5906776 3.4110918 0 P 0
L 2.5620918 3.3850918 2.5817782 3.3850918 0 P 0
L 2.56326 1.744 2.93287 1.744 0 P 0
L 2.5642856 1.8727144 2.6077454 1.8727144 0 P 0
L 2.5654001 2.236 2.5724001 2.243 0 P 0
L 2.568 1.695 2.82187 1.695 0 P 0
L 2.5724001 2.243 2.627 2.243 0 P 0
L 2.5738966 3.3658966 2.5748487 3.3658966 0 P 0
L 2.5817782 3.3850918 2.5819595 3.3849105 0 P 0
L 2.5819595 3.3849105 2.5827049 3.3849105 0 P 0
L 2.5827049 3.3849105 2.6657875 3.3018279 0 P 0
L 2.5850217 2.2116142 2.621063 2.2116142 0 P 0
L 2.5852929 3.3980918 2.7443847 3.239 0 P 0
L 2.5870042 2.6046297 2.6165399 2.575094 0 P 0
L 2.5883459 1.9478346 2.6216805 1.9145 0 P 0
L 2.588484 1.7944488 2.60513 1.7778028 0 P 0
L 2.5885465 2.3980866 2.6271843 2.4367244 1 P 0
L 2.5906776 3.4110918 2.7497694 3.252 0 P 0
L 2.592434 3.162434 2.592434 3.166 0 P 0
L 2.5930858 2.9976542 2.5947158 2.9992842 0 P 0
L 2.5997499 2.335 2.6437499 2.379 0 P 0
L 2.603358 1.634 2.609358 1.628 1 P 0
L 2.60513 1.7778028 2.8388028 1.7778028 0 P 0
L 2.607 2.5049582 2.607 2.508181 0 P 0
L 2.607 2.5049582 2.6195307 2.4924275 0 P 0
L 2.6077454 1.8727144 2.637531 1.9025 1 P 0
L 2.609358 1.628 3.047 1.628 1 P 0
L 2.6165399 2.575094 2.7062587 2.575094 0 P 0
L 2.6167144 1.8537144 2.639 1.876 0 P 0
L 2.6195307 2.4904693 2.6195307 2.4924275 0 P 0
L 2.6195307 2.4904693 2.629 2.481 0 P 0
L 2.621063 2.2116142 2.6675158 2.2116142 0 P 0
L 2.6216805 1.9145 2.807772 1.9145 0 P 0
L 2.6271843 2.4367244 2.6915594 2.4367244 1 P 0
L 2.629 2.481 2.752593 2.481 0 P 0
L 2.637531 1.9025 2.9645 1.9025 1 P 0
L 2.639 1.876 2.75413 1.876 0 P 0
L 2.6437499 2.379 2.7360985 2.379 0 P 0
L 2.6517884 3.379 2.6793378 3.379 0 P 0
L 2.6657875 3.3010825 2.6657875 3.3018279 0 P 0
L 2.6657875 3.3010825 2.74887 3.218 0 P 0
L 2.6675158 2.2116142 2.7159409 2.1631891 0 P 0
L 2.668 2.002 2.7159693 2.0499693 0 P 0
L 2.674 1.649 2.677 1.646 0 P 0
L 2.6745268 3.3517384 2.6745268 3.3555268 0 P 0
L 2.6745268 3.3517384 2.6836621 3.3426031 0 P 0
L 2.677 1.646 2.9888351 1.646 0 P 0
L 2.6793378 3.379 2.6966621 3.3616757 0 P 0
L 2.6803847 3.205 2.724 3.205 0 P 0
L 2.6836621 3.3380537 2.6836621 3.3426031 0 P 0
L 2.6836621 3.3380537 2.7567158 3.265 0 P 0
L 2.687 3.18 2.819 3.18 0 P 0
L 2.6872842 2.153 2.722 2.1182842 1 P 0
L 2.6915594 2.4367244 2.696835 2.442 1 P 0
L 2.6926153 3.156 2.799 3.156 0 P 0
L 2.6966621 3.3453779 2.6966621 3.3616757 0 P 0
L 2.6966621 3.3453779 2.73704 3.305 0 P 0
L 2.696835 2.442 2.8876701 2.442 1 P 0
L 2.697 2.209 2.757 2.209 0 P 0
L 2.7015039 1.983 2.7224409 2.003937 0 P 0
L 2.7062587 2.575094 2.7231647 2.592 0 P 0
L 2.7159409 2.1631891 2.7163581 2.1631891 0 P 0
L 2.7159693 2.0499693 2.7679693 2.0499693 0 P 0
L 2.7163581 2.1631891 2.7537832 2.125764 0 P 0
L 2.7208727 3.7730001 3.2473137 3.7730001 1 P 0
L 2.722 2.1089667 2.722 2.1182842 1 P 0
L 2.722 2.1089667 2.7472158 2.0837509 1 P 0
L 2.7231647 2.592 2.8220468 2.592 0 P 0
L 2.724 3.205 2.735 3.194 0 P 0
L 2.7275001 3.7570001 3.2406863 3.7570001 1 P 0
L 2.7329821 1.8255742 2.7595563 1.799 0 P 0
L 2.735 3.194 2.8282842 3.194 0 P 0
L 2.7360985 2.379 2.7750985 2.418 0 P 0
L 2.73704 3.305 2.867 3.305 0 P 0
L 2.7443847 3.239 2.7490001 3.239 0 P 0
L 2.7472158 2.0837509 2.7712497 2.0837509 1 P 0
L 2.7478695 1.71 2.7518695 1.706 0 P 0
L 2.74887 3.218 2.8198405 3.218 0 P 0
L 2.7490001 3.239 2.7510001 3.237 0 P 0
L 2.7497694 3.252 2.842537 3.252 0 P 0
L 2.7510001 3.237 2.8220536 3.237 0 P 0
L 2.7518695 1.706 2.8472392 1.706 0 P 0
L 2.752593 2.481 2.7602071 2.4886141 0 P 0
L 2.7537832 2.125764 2.8272086 2.125764 0 P 0
L 2.75413 1.876 2.7793272 1.8508028 0 P 0
L 2.7567158 3.265 2.8121421 3.265 0 P 0
L 2.757 2.209 2.7831181 2.2351181 0 P 0
L 2.7595563 1.799 2.83313 1.799 0 P 0
L 2.7602071 2.4886141 2.9013858 2.4886141 0 P 0
L 2.7679693 2.0499693 2.81 2.092 0 P 0
L 2.7712497 2.0837509 2.7794988 2.092 1 P 0
L 2.7745 1.8825 2.7951972 1.8618028 0 P 0
L 2.7750985 2.418 2.898 2.418 0 P 0
L 2.7793272 1.8508028 3.0419001 1.8508028 0 P 0
L 2.7794988 2.092 2.81 2.092 1 P 0
L 2.7831181 2.2351181 2.82 2.2351181 0 P 0
L 2.7890795 2.9119532 2.7890795 2.9161252 1 P 0
L 2.7890795 2.9119532 2.7937655 2.9072672 1 P 0
L 2.7937655 2.9072672 3.0981335 2.9072672 1 P 0
L 2.7951972 1.8618028 2.9656728 1.8618028 0 P 0
L 2.807772 1.9145 2.8146016 1.9213296 0 P 0
L 2.81 1.963 2.81 1.9641811 0 P 0
L 2.81 1.963 2.8326704 1.9403296 0 P 0
L 2.8121421 3.265 2.8251421 3.278 0 P 0
L 2.8146016 1.9213296 3.2161334 1.9213296 0 P 0
L 2.819 3.18 2.839 3.16 0 P 0
L 2.8198405 3.218 2.869 3.1688405 0 P 0
L 2.82 2.2351181 2.8740157 2.1811024 0 P 0
L 2.82187 1.695 2.8312637 1.6856063 0 P 0
L 2.8220468 2.592 2.8523696 2.5616772 0 P 0
L 2.8220536 3.237 2.8817633 3.1772903 0 P 0
L 2.8251421 3.278 2.8731054 3.278 0 P 0
L 2.8272086 2.125764 2.8334446 2.132 0 P 0
L 2.8282842 3.194 2.858 3.1642842 0 P 0
L 2.8312637 1.6856063 2.872597 1.6856063 0 P 0
L 2.8326704 1.9403296 2.944 1.9403296 0 P 0
L 2.83313 1.799 2.84513 1.811 0 P 0
L 2.8334446 2.132 2.93787 2.132 0 P 0
L 2.8388028 1.7778028 2.853 1.792 0 P 0
L 2.839 3.156 2.839 3.16 0 P 0
L 2.842537 3.252 2.939 3.155537 0 P 0
L 2.84513 1.811 2.9824263 1.811 0 P 0
L 2.8472392 1.706 2.8482392 1.705 0 P 0
L 2.8482392 1.705 2.951 1.705 0 P 0
L 2.8523696 2.5616772 3.0878585 2.5616772 0 P 0
L 2.858 3.147 2.858 3.1642842 0 P 0
L 2.858 3.147 2.9120934 3.0929066 0 P 0
L 2.867 3.305 2.9226727 3.2493273 0 P 0
L 2.869 3.15413 2.869 3.1688405 0 P 0
L 2.869 3.15413 2.88813 3.135 0 P 0
L 2.872597 1.6856063 2.8782033 1.68 0 P 0
L 2.8731054 3.278 2.9096727 3.2414327 0 P 0
L 2.8782033 1.68 2.994 1.68 0 P 0
L 2.8817633 3.1682367 2.8817633 3.1772903 0 P 0
L 2.8817633 3.1682367 2.896 3.154 0 P 0
L 2.8876701 2.442 2.926 2.4803299 1 P 0
L 2.88813 3.135 3.0497158 3.135 0 P 0
L 2.8931266 3.346 3.212 3.346 1 P 0
L 2.898 2.418 2.95 2.47 0 P 0
L 2.9013858 2.4886141 2.9036929 2.486307 0 P 0
L 2.902 1.786 2.99187 1.786 0 P 0
L 2.9096727 3.2321311 2.9096727 3.2414327 0 P 0
L 2.9096727 3.2321311 2.9709609 3.1708429 0 P 0
L 2.9120934 3.0929066 3.198 3.0929066 0 P 0
L 2.9226727 3.2375158 2.9226727 3.2493273 0 P 0
L 2.9226727 3.2375158 2.9763456 3.1838429 0 P 0
L 2.926 2.4803299 2.926 2.4892842 1 P 0
L 2.926 2.4892842 2.9517158 2.515 1 P 0
L 2.93287 1.744 2.94387 1.733 0 P 0
L 2.93787 2.132 2.9414266 2.1284434 0 P 0
L 2.939 3.154 2.939 3.155537 0 P 0
L 2.9414266 2.1284434 3.0759918 2.1284434 0 P 0
L 2.94387 1.733 3.122 1.733 0 P 0
L 2.95 2.47 2.9800874 2.4399126 0 P 0
L 2.951 1.705 3.0802 1.705 0 P 0
L 2.9517158 2.515 3.034 2.515 1 P 0
L 2.9645 1.9025 2.966 1.901 1 P 0
L 2.9656728 1.8618028 3.01187 1.908 0 P 0
L 2.9701815 3.2182912 2.9706735 3.2177992 1 P 0
L 2.9706735 3.2177992 3.123 3.2177992 1 P 0
L 2.9709609 3.1708429 2.9833158 3.1708429 0 P 0
L 2.9763456 3.1838429 3.0111571 3.1838429 0 P 0
L 2.979 2.483 3.006759 2.483 0 P 0
L 2.9800874 2.4399126 3.4124729 2.4399126 0 P 0
L 2.9824263 1.811 3.0314263 1.762 0 P 0
L 2.9833158 3.1708429 2.9981587 3.156 0 P 0
L 2.984 3.458 2.984 3.4617884 1 P 0
L 2.984 3.4617884 2.9965763 3.4743647 1 P 0
L 2.9888351 1.646 3.0298351 1.687 0 P 0
L 2.99187 1.786 3.02687 1.751 0 P 0
L 2.996 2.283 3.0109958 2.2979958 0 P 0
L 2.9965763 3.4743647 2.9965763 3.4815779 1 P 0
L 2.9965763 3.4815779 3.0141356 3.4991372 1 P 0
L 2.9981587 3.156 3.001 3.156 0 P 0
L 3.006759 2.483 3.0170824 2.4933234 0 P 0
L 3.0109958 2.2979958 3.1520042 2.2979958 0 P 0
L 3.0111571 3.1838429 3.041 3.154 0 P 0
L 3.01187 1.908 3.10487 1.908 0 P 0
L 3.0125763 3.4584237 3.0125763 3.4749505 1 P 0
L 3.0125763 3.4584237 3.013 3.458 1 P 0
L 3.0125763 3.4749505 3.020763 3.4831372 1 P 0
L 3.0141356 3.4991372 3.0161372 3.4991372 1 P 0
L 3.0161372 3.4991372 3.035 3.518 1 P 0
L 3.0170824 2.4933234 3.0575118 2.4933234 0 P 0
L 3.020763 3.4831372 3.0227646 3.4831372 1 P 0
L 3.0211972 1.8398028 3.071 1.79 0 P 0
L 3.0227646 3.4831372 3.0416274 3.502 1 P 0
L 3.02687 1.751 3.0764263 1.751 0 P 0
L 3.0298351 1.687 3.165 1.687 0 P 0
L 3.0314263 1.762 3.07187 1.762 0 P 0
L 3.034 2.515 3.062565 2.543565 0 P 0
L 3.035 3.518 3.2869211 3.518 1 P 0
L 3.0416274 3.502 3.2935485 3.502 1 P 0
L 3.0419001 1.8508028 3.0460973 1.855 0 P 0
L 3.0460973 1.855 3.306 1.855 0 P 0
L 3.047 1.628 3.087 1.668 1 P 0
L 3.0497158 3.135 3.0657158 3.151 0 P 0
L 3.0575118 2.4933234 3.0798352 2.471 0 P 0
L 3.062565 2.543565 3.3173075 2.543565 0 P 0
L 3.0657158 3.151 3.1174523 3.151 0 P 0
L 3.07 2.51 3.0957354 2.51 0 P 0
L 3.07187 1.762 3.0795208 1.7696508 0 P 0
L 3.0759918 2.1284434 3.0835484 2.136 0 P 0
L 3.0764263 1.751 3.0834263 1.758 0 P 0
L 3.0795208 1.7696508 3.1736508 1.7696508 0 P 0
L 3.0798352 2.471 3.1425563 2.471 0 P 0
L 3.0802 1.705 3.0872 1.698 0 P 0
L 3.082 2.963 3.0825268 2.963 1 P 0
L 3.0825268 2.963 3.0985268 2.979 1 P 0
L 3.0834263 1.758 3.1775563 1.758 0 P 0
L 3.0835484 2.136 3.123 2.136 0 P 0
L 3.0872 1.698 3.18087 1.698 0 P 0
L 3.0878585 2.5616772 3.0971813 2.571 0 P 0
L 3.0957354 2.51 3.1183004 2.532565 0 P 0
L 3.0971813 2.571 3.262 2.571 0 P 0
L 3.0981335 2.9072672 3.1296295 2.9387632 1 P 0
L 3.0985268 2.979 3.28 2.979 1 P 0
L 3.10487 1.908 3.1115404 1.9013296 0 P 0
L 3.1115404 1.9013296 3.1830709 1.9013296 0 P 0
L 3.1174523 3.151 3.1214523 3.147 0 P 0
L 3.1183004 2.532565 3.3127512 2.532565 0 P 0
L 3.1214523 3.147 3.1769774 3.147 0 P 0
L 3.123 3.215 3.123 3.2177992 1 P 0
L 3.1425563 2.471 3.1485563 2.477 0 P 0
L 3.1485563 2.477 3.174 2.477 0 P 0
L 3.1520042 2.2979958 3.158 2.292 0 P 0
L 3.165 1.687 3.181 1.671 0 P 0
L 3.168435 2.513565 3.16987 2.515 0 P 0
L 3.16987 2.515 3.2603511 2.515 0 P 0
L 3.1736508 1.7696508 3.193 1.789 0 P 0
L 3.1769774 3.147 3.198 3.1259774 0 P 0
L 3.1775563 1.758 3.1975563 1.778 0 P 0
L 3.18087 1.698 3.19287 1.686 0 P 0
L 3.19287 1.686 3.22487 1.686 0 P 0
L 3.193 1.789 3.2134343 1.789 0 P 0
L 3.1975563 1.778 3.245 1.778 0 P 0
L 3.212 3.346 3.253 3.387 1 P 0
L 3.2134343 1.789 3.2214343 1.797 0 P 0
L 3.2214343 1.797 3.273 1.797 0 P 0
L 3.22487 1.686 3.23587 1.697 0 P 0
L 3.23587 1.697 3.263 1.697 0 P 0
L 3.2406863 3.7570001 3.2453727 3.7523137 1 P 0
L 3.241 3.734 3.2436787 3.7366787 1 P 0
L 3.2436787 3.7366787 3.2436787 3.7439923 1 P 0
L 3.2436787 3.7439923 3.2453727 3.7456863 1 P 0
L 3.2453727 3.7456863 3.2453727 3.7523137 1 P 0
L 3.2473137 3.7730001 3.2536863 3.7666275 1 P 0
L 3.2536863 3.7666275 3.2603137 3.7666275 1 P 0
L 3.2603137 3.7666275 3.2620075 3.7683213 1 P 0
L 3.2603511 2.515 3.2661086 2.5092425 0 P 0
L 3.262 2.571 3.295 2.604 0 P 0
L 3.2620075 3.7683213 3.2693213 3.7683213 1 P 0
L 3.2661086 2.5092425 3.3326275 2.5092425 0 P 0
L 3.2693213 3.7683213 3.272 3.771 1 P 0
L 3.273 1.797 3.283 1.787 0 P 0
L 3.283 1.784 3.283 1.787 0 P 0
L 3.286 2.2998344 3.2868344 2.299 0 P 0
L 3.2868344 2.299 3.43413 2.299 0 P 0
L 3.2869211 3.518 3.3064445 3.5375234 1 P 0
L 3.2935485 3.502 3.3224445 3.530896 1 P 0
L 3.2985218 3.5567598 3.2985218 3.5605234 1 P 0
L 3.2985218 3.5567598 3.3064445 3.5488371 1 P 0
L 3.3064445 3.5375234 3.3064445 3.5488371 1 P 0
L 3.3127512 2.532565 3.3250737 2.5202425 0 P 0
L 3.3173075 2.543565 3.32963 2.5312425 0 P 0
L 3.3224445 3.530896 3.3224445 3.5543137 1 P 0
L 3.3224445 3.5543137 3.3243213 3.5561905 1 P 0
L 3.3243213 3.5561905 3.3243213 3.5633213 1 P 0
L 3.3243213 3.5633213 3.327 3.566 1 P 0
L 3.3250737 2.5202425 3.3802703 2.5202425 0 P 0
L 3.32963 2.5312425 3.4487921 2.5312425 0 P 0
L 3.3326275 2.5092425 3.3488644 2.4930056 0 P 0
L 3.3488644 2.4930056 3.3989998 2.4930056 0 P 0
L 3.3577638 2.267 3.3587638 2.267 0 P 0
L 3.3587638 2.267 3.3782638 2.2475 0 P 0
L 3.3597638 2.21 3.3597638 2.211 0 P 0
L 3.3597638 2.211 3.3782638 2.2295 0 P 0
L 3.3782638 2.2295 3.4046111 2.2295 0 P 0
L 3.3782638 2.2475 3.4120669 2.2475 0 P 0
L 3.3802703 2.5202425 3.3832564 2.5172564 0 P 0
L 3.3832564 2.5172564 3.4387737 2.5172564 0 P 0
L 3.3989998 2.4930056 3.4015104 2.490495 0 P 0
L 3.4015104 2.490495 3.421505 2.490495 0 P 0
L 3.4046111 2.2295 3.4641111 2.17 0 P 0
L 3.4120669 2.2475 3.4715669 2.188 0 P 0
L 3.4124729 2.4399126 3.4262428 2.4261427 0 P 0
L 3.421505 2.490495 3.422 2.49 0 P 0
L 3.4262428 2.4261427 3.4269872 2.4261427 0 P 0
L 3.43413 2.299 3.49813 2.363 0 P 0
L 3.4387737 2.5172564 3.4491471 2.506883 0 P 0
L 3.4487921 2.5312425 3.482811 2.4972236 0 P 0
L 3.4491471 2.4918762 3.4491471 2.506883 0 P 0
L 3.4491471 2.4918762 3.4522085 2.4888148 0 P 0
L 3.4641111 2.17 3.5143258 2.17 0 P 0
L 3.4715669 2.188 3.50687 2.188 0 P 0
L 3.482811 2.455 3.482811 2.4972236 0 P 0
L 3.49813 2.363 3.5250858 2.363 0 P 0
L 3.50687 2.188 3.5192487 2.2003787 0 P 0
L 3.5143258 2.17 3.5267045 2.1823787 0 P 0
L 3.5192487 2.2003787 3.5428819 2.2003787 0 P 0
L 3.5250858 2.363 3.5507879 2.3887021 0 P 0
L 3.5267045 2.1823787 3.5382426 2.1823787 0 P 0
L 3.5382426 2.1823787 3.5458639 2.1747574 0 P 0
L 3.5428819 2.2003787 3.5505032 2.208 0 P 0
L 3.5458639 2.1747574 3.5497574 2.1747574 0 P 0
L 3.5505032 2.208 3.5548328 2.208 0 P 0
L 3.6041575 2.4071575 3.677 2.48 0 P 0
L 3.677 2.48 3.816 2.48 0 P 0
L 3.816 2.48 3.837 2.501 0 P 0
L 3.837 2.501 3.837 2.505 0 P 0
P 1.8172604 0.6694167 2 P 0 0 ;0=0,1=0
P 1.8172604 0.7186293 3 P 0 0 ;0=0,1=0
P 1.866473 0.6694167 2 P 0 0 ;0=0,1=0
P 1.9156856 0.7186293 2 P 0 0 ;0=0,1=0
P 2.2700154 0.7186303 2 P 0 0 ;0=0,1=0
P 2.319228 0.6694177 2 P 0 0 ;0=0,1=0
P 2.3684406 0.6694177 2 P 0 0 ;0=0,1=0
P 2.3684406 0.7186303 3 P 0 0 ;0=0,1=0
P 0.848 2.317 4 P 0 0 ;0=1,1=1
P 0.8720472 2.1938976 4 P 0 0 ;0=1,1=1
P 0.878 2.342 4 P 0 0 ;0=1,1=1
P 0.8799213 2.3937008 4 P 0 0 ;0=1,1=1
P 1.124 2.157 4 P 0 0 ;0=1,1=1
P 1.311 2.351 4 P 0 0 ;0=1,1=1
P 1.3312628 3.1636173 4 P 0 0 ;0=1,1=1
P 1.3643342 3.1637831 4 P 0 0 ;0=1,1=1
P 1.3720698 3.8152406 4 P 0 0 ;0=1,1=1
P 1.376 2.972 4 P 0 0 ;0=1,1=1
P 1.3823394 3.7753394 4 P 0 0 ;0=1,1=1
P 1.399 3.826 4 P 0 0 ;0=1,1=1
P 1.414 2.608 4 P 0 0 ;0=1,1=1
P 1.428491 3.164 4 P 0 0 ;0=1,1=1
P 1.433 2.946 4 P 0 0 ;0=1,1=1
P 1.439 3.8352406 4 P 0 0 ;0=1,1=1
P 1.447 3.559 4 P 0 0 ;0=1,1=1
P 1.463924 3.164 4 P 0 0 ;0=1,1=1
P 1.484459 2.5977078 4 P 0 0 ;0=1,1=1
P 1.495 3.25 4 P 0 0 ;0=1,1=1
P 1.518413 3.163 4 P 0 0 ;0=1,1=1
P 1.5584124 3.1637175 4 P 0 0 ;0=1,1=1
P 1.606 3.246 4 P 0 0 ;0=1,1=1
P 1.655 2.925 4 P 0 0 ;0=1,1=1
P 1.703 2.947 4 P 0 0 ;0=1,1=1
P 1.714459 2.6087078 4 P 0 0 ;0=1,1=1
P 1.716 3.077 4 P 0 0 ;0=1,1=1
P 1.716 3.11 4 P 0 0 ;0=1,1=1
P 1.7234252 2.4409449 4 P 0 0 ;0=1,1=1
P 1.7260902 3.7660902 4 P 0 0 ;0=1,1=1
P 1.7465963 3.7952406 4 P 0 0 ;0=1,1=1
P 1.760459 2.5577078 4 P 0 0 ;0=1,1=1
P 1.8492894 1.8035428 4 P 0 0 ;0=1,1=1
P 1.857 2.417 4 P 0 0 ;0=1,1=1
P 1.86 2.499 4 P 0 0 ;0=1,1=1
P 1.874 3.6975 4 P 0 0 ;0=1,1=1
P 1.874 3.7265 4 P 0 0 ;0=1,1=1
P 1.914 2.318 4 P 0 0 ;0=1,1=1
P 1.9164338 1.8275538 4 P 0 0 ;0=1,1=1
P 1.9198523 3.575 4 P 0 0 ;0=1,1=1
P 1.9198912 2.5092638 4 P 0 0 ;0=1,1=1
P 2.024 3.219 4 P 0 0 ;0=1,1=1
P 2.0246063 2.0187008 4 P 0 0 ;0=1,1=1
P 2.046 3.16 4 P 0 0 ;0=1,1=1
P 2.065 3.647 4 P 0 0 ;0=1,1=1
P 2.071 3.1983779 4 P 0 0 ;0=1,1=1
P 2.0742919 2.3737004 4 P 0 0 ;0=1,1=1
P 2.0811004 1.775 4 P 0 0 ;0=1,1=1
P 2.0824494 3.144065 4 P 0 0 ;0=1,1=1
P 2.102 1.676 4 P 0 0 ;0=1,1=1
P 2.114 1.737 4 P 0 0 ;0=1,1=1
P 2.12 1.775 4 P 0 0 ;0=1,1=1
P 2.1219333 1.6970633 4 P 0 0 ;0=1,1=1
P 2.159 1.701 4 P 0 0 ;0=1,1=1
P 2.1696969 2.2563151 4 P 0 0 ;0=1,1=1
P 2.1744907 3.064 4 P 0 0 ;0=1,1=1
P 2.175 2.358 4 P 0 0 ;0=1,1=1
P 2.188 1.775 4 P 0 0 ;0=1,1=1
P 2.1885763 3.0233447 4 P 0 0 ;0=1,1=1
P 2.2 3.05 4 P 0 0 ;0=1,1=1
P 2.216 3.091 4 P 0 0 ;0=1,1=1
P 2.221 1.671 4 P 0 0 ;0=1,1=1
P 2.289 1.787 4 P 0 0 ;0=1,1=1
P 2.338 3.647 4 P 0 0 ;0=1,1=1
P 2.372 1.881 4 P 0 0 ;0=1,1=1
P 2.373 1.78 4 P 0 0 ;0=1,1=1
P 2.3845036 1.7234964 4 P 0 0 ;0=1,1=1
P 2.39 1.9451811 4 P 0 0 ;0=1,1=1
P 2.402 2.201 4 P 0 0 ;0=1,1=1
P 2.4171026 3.5065744 4 P 0 0 ;0=1,1=1
P 2.423 1.697 4 P 0 0 ;0=1,1=1
P 2.423 1.885 4 P 0 0 ;0=1,1=1
P 2.427 3.54 4 P 0 0 ;0=1,1=1
P 2.438 1.791 4 P 0 0 ;0=1,1=1
P 2.462 3.505 4 P 0 0 ;0=1,1=1
P 2.466 3.534 4 P 0 0 ;0=1,1=1
P 2.4862205 1.7824803 4 P 0 0 ;0=1,1=1
P 2.494387 2.9963085 4 P 0 0 ;0=1,1=1
P 2.512 3.547 4 P 0 0 ;0=1,1=1
P 2.52063 1.70137 4 P 0 0 ;0=1,1=1
P 2.544 3.544 4 P 0 0 ;0=1,1=1
P 2.5459236 3.3679803 4 P 0 0 ;0=1,1=1
P 2.552 1.679 4 P 0 0 ;0=1,1=1
P 2.5748487 3.3658966 4 P 0 0 ;0=1,1=1
P 2.5749599 2.5131132 4 P 0 0 ;0=1,1=1
P 2.592434 3.166 4 P 0 0 ;0=1,1=1
P 2.5947158 2.9992842 4 P 0 0 ;0=1,1=1
P 2.607 2.508181 4 P 0 0 ;0=1,1=1
P 2.6077454 1.8727144 4 P 0 0 ;0=1,1=1
P 2.621063 2.2116142 4 P 0 0 ;0=1,1=1
P 2.627 2.243 4 P 0 0 ;0=1,1=1
P 2.6517884 3.379 4 P 0 0 ;0=1,1=1
P 2.667 2.459 4 P 0 0 ;0=1,1=1
P 2.668 2.002 4 P 0 0 ;0=1,1=1
P 2.674 1.649 4 P 0 0 ;0=1,1=1
P 2.6745268 3.3555268 4 P 0 0 ;0=1,1=1
P 2.697 2.209 4 P 0 0 ;0=1,1=1
P 2.7224409 2.003937 4 P 0 0 ;0=1,1=1
P 2.7745 1.8825 4 P 0 0 ;0=1,1=1
P 2.7890795 2.9161252 4 P 0 0 ;0=1,1=1
P 2.799 3.155 4 P 0 0 ;0=1,1=1
P 2.81 1.963 4 P 0 0 ;0=1,1=1
P 2.81 2.092 4 P 0 0 ;0=1,1=1
P 2.8230234 2.5910234 4 P 0 0 ;0=1,1=1
P 2.839 3.155 4 P 0 0 ;0=1,1=1
P 2.853 1.792 4 P 0 0 ;0=1,1=1
P 2.8740157 2.1811024 4 P 0 0 ;0=1,1=1
P 2.8931266 3.346 4 P 0 0 ;0=1,1=1
P 2.896 3.154 4 P 0 0 ;0=1,1=1
P 2.902 1.786 4 P 0 0 ;0=1,1=1
P 2.9036929 2.486307 4 P 0 0 ;0=1,1=1
P 2.939 3.154 4 P 0 0 ;0=1,1=1
P 2.944 1.9403296 4 P 0 0 ;0=1,1=1
P 2.95 2.47 4 P 0 0 ;0=1,1=1
P 2.951 1.705 4 P 0 0 ;0=1,1=1
P 2.966 1.901 4 P 0 0 ;0=1,1=1
P 2.9701815 3.2182912 4 P 0 0 ;0=1,1=1
P 2.979 2.483 4 P 0 0 ;0=1,1=1
P 2.984 3.458 4 P 0 0 ;0=1,1=1
P 2.994 1.68 4 P 0 0 ;0=1,1=1
P 2.996 2.283 4 P 0 0 ;0=1,1=1
P 3.001 3.155 4 P 0 0 ;0=1,1=1
P 3.013 3.458 4 P 0 0 ;0=1,1=1
P 3.034 2.515 4 P 0 0 ;0=1,1=1
P 3.041 3.154 4 P 0 0 ;0=1,1=1
P 3.07 2.51 4 P 0 0 ;0=1,1=1
P 3.071 1.79 4 P 0 0 ;0=1,1=1
P 3.082 2.963 4 P 0 0 ;0=1,1=1
P 3.087 1.668 4 P 0 0 ;0=1,1=1
P 3.122 1.733 4 P 0 0 ;0=1,1=1
P 3.123 2.136 4 P 0 0 ;0=1,1=1
P 3.123 3.215 4 P 0 0 ;0=1,1=1
P 3.1296295 2.9387632 4 P 0 0 ;0=1,1=1
P 3.158 2.292 4 P 0 0 ;0=1,1=1
P 3.168435 2.513565 4 P 0 0 ;0=1,1=1
P 3.174 2.477 4 P 0 0 ;0=1,1=1
P 3.181 1.671 4 P 0 0 ;0=1,1=1
P 3.1830709 1.9013296 4 P 0 0 ;0=1,1=1
P 3.198 3.0929066 4 P 0 0 ;0=1,1=1
P 3.198 3.1259774 4 P 0 0 ;0=1,1=1
P 3.2161334 1.9213296 4 P 0 0 ;0=1,1=1
P 3.241 3.734 4 P 0 0 ;0=1,1=1
P 3.245 1.778 4 P 0 0 ;0=1,1=1
P 3.253 3.387 4 P 0 0 ;0=1,1=1
P 3.263 1.697 4 P 0 0 ;0=1,1=1
P 3.272 3.771 4 P 0 0 ;0=1,1=1
P 3.28 2.979 4 P 0 0 ;0=1,1=1
P 3.283 1.784 4 P 0 0 ;0=1,1=1
P 3.286 2.2998344 4 P 0 0 ;0=1,1=1
P 3.295 2.604 4 P 0 0 ;0=1,1=1
P 3.2985218 3.5605234 4 P 0 0 ;0=1,1=1
P 3.306 1.855 4 P 0 0 ;0=1,1=1
P 3.327 3.566 4 P 0 0 ;0=1,1=1
P 3.3577638 2.267 4 P 0 0 ;0=1,1=1
P 3.3597638 2.21 4 P 0 0 ;0=1,1=1
P 3.422 2.49 4 P 0 0 ;0=1,1=1
P 3.4269872 2.4261427 4 P 0 0 ;0=1,1=1
P 3.4522085 2.4888148 4 P 0 0 ;0=1,1=1
P 3.482811 2.455 4 P 0 0 ;0=1,1=1
P 3.5497574 2.1747574 4 P 0 0 ;0=1,1=1
P 3.5507879 2.3887021 4 P 0 0 ;0=1,1=1
P 3.5548328 2.208 4 P 0 0 ;0=1,1=1
P 3.6041575 2.4071575 4 P 0 0 ;0=1,1=1
P 3.837 2.505 4 P 0 0 ;0=1,1=1
