#Layer_Physical_Order=6
#Layer_Color=16440176
#
#Feature symbol names
#
$0 r6
$1 r8
$2 r10
$3 r30
$4 r39.3701
$5 s39.3701
$6 r22

#
#Feature attribute names
#
@0 .geometry
@1 .pad_usage

#
#Feature attribute text strings
#
&0 Pad_Simple_X39.3701Y39.3701H21.6535C45.6535
&1 VIA_RoundD22.0000H10.0000C50.0000

#
#Layer features
#
L 1.2654939 3.4154939 1.266 3.416 1 P 0
L 1.266 3.416 1.266 3.496 1 P 0
L 1.266 3.496 1.3558992 3.5858992 1 P 0
L 1.282 3.44 1.282 3.4893726 1 P 0
L 1.282 3.44 1.286 3.436 1 P 0
L 1.282 3.4893726 1.3718992 3.5792718 1 P 0
L 1.3458412 3.7285171 1.3558992 3.7184591 1 P 0
L 1.3558992 3.5858992 1.3558992 3.7184591 1 P 0
L 1.359 3.749 1.3616787 3.7463213 1 P 0
L 1.3616787 3.735307 1.3616787 3.7463213 1 P 0
L 1.3616787 3.735307 1.3718992 3.7250865 1 P 0
L 1.3689154 3.4095786 1.3689154 3.5129154 1 P 0
L 1.3689154 3.4095786 1.379 3.399494 1 P 0
L 1.3689154 3.5129154 1.411 3.555 1 P 0
L 1.3718992 3.5792718 1.3718992 3.7250865 1 P 0
L 1.376 2.972 1.376 3.1102842 1 P 0
L 1.376 3.1102842 1.3843342 3.1186184 1 P 0
L 1.379 3.2092428 1.379 3.3 1 P 0
L 1.379 3.2092428 1.3843342 3.2039086 1 P 0
L 1.379 3.3 1.379 3.399494 1 P 0
L 1.3843342 3.1186184 1.3843342 3.2039086 1 P 0
L 1.4 3.15 1.4 3.257 1 P 0
L 1.4 3.15 1.433 3.117 1 P 0
L 1.4 3.257 1.447 3.304 1 P 0
L 1.433 2.946 1.433 3.117 1 P 0
L 1.447 3.304 1.447 3.559 1 P 0
L 1.599 2.9397884 1.599 3.1824636 1 P 0
L 1.599 2.9397884 1.603 2.9357884 1 P 0
L 1.599 3.1824636 1.606 3.1894636 1 P 0
L 1.603 2.932 1.603 2.9357884 1 P 0
L 1.606 3.1894636 1.606 3.246 1 P 0
L 1.606 3.246 1.606 3.418 1 P 0
L 1.606 3.418 1.636 3.448 1 P 0
L 1.635 2.6217884 1.635 3.011 1 P 0
L 1.635 2.6217884 1.639 2.6177884 1 P 0
L 1.635 3.011 1.637 3.013 1 P 0
L 1.639 2.614 1.639 2.6177884 1 P 0
L 1.658 3.25 1.7399932 3.1680068 1 P 0
L 1.7034939 3.2585061 1.7061726 3.2611848 1 P 0
L 1.7061726 3.2611848 1.715365 3.2611848 1 P 0
L 1.715365 3.2611848 1.7368926 3.2827124 1 P 0
L 1.724 3.238 1.7266787 3.2406787 1 P 0
L 1.7260902 3.7660902 1.7268966 3.7652838 1 P 0
L 1.7266787 3.2406787 1.7266787 3.2498711 1 P 0
L 1.7266787 3.2498711 1.7528926 3.276085 1 P 0
L 1.7268966 3.7652838 1.7418106 3.7652838 1 P 0
L 1.7368926 3.2827124 1.7368926 3.5222594 1 P 0
L 1.7368926 3.5222594 1.7490903 3.5344571 1 P 0
L 1.7399932 2.9326688 1.7399932 3.1680068 1 P 0
L 1.7418106 3.7652838 1.7490903 3.7580041 1 P 0
L 1.7465963 3.7952406 1.7488022 3.7930347 1 P 0
L 1.7488022 3.7809196 1.7488022 3.7930347 1 P 0
L 1.7488022 3.7809196 1.7650903 3.7646315 1 P 0
L 1.7490903 3.5344571 1.7490903 3.7580041 1 P 0
L 1.7528926 3.276085 1.7528926 3.515632 1 P 0
L 1.7528926 3.515632 1.7650903 3.5278297 1 P 0
L 1.7650903 3.5278297 1.7650903 3.7646315 1 P 0
L 1.788 2.982 1.82 2.95 1 P 0
L 1.82 2.613 1.82 2.95 1 P 0
L 1.8303137 3.4438665 1.8303137 3.7059411 1 P 0
L 1.8303137 3.4438665 1.9748152 3.299365 1 P 0
L 1.8303137 3.7059411 1.8443726 3.72 1 P 0
L 1.839 1.699 1.839 1.7 3 P 0
L 1.8443726 3.72 1.8637116 3.72 1 P 0
L 1.8463137 3.4504939 1.8463137 3.6993137 1 P 0
L 1.8463137 3.4504939 1.9861289 3.3106787 1 P 0
L 1.8463137 3.6993137 1.851 3.704 1 P 0
L 1.851 3.704 1.8637116 3.704 1 P 0
L 1.857 2.417 1.857 2.4195026 0 P 0
L 1.857 2.4195026 1.9388912 2.5013938 0 P 0
L 1.8637116 3.704 1.8702116 3.6975 1 P 0
L 1.8637116 3.72 1.8702116 3.7265 1 P 0
L 1.8702116 3.6975 1.874 3.6975 1 P 0
L 1.8702116 3.7265 1.874 3.7265 1 P 0
L 1.936 2.605 1.9388912 2.6021088 0 P 0
L 1.936 2.605 2.002952 2.671952 1 P 0
L 1.9388912 2.5013938 1.9388912 2.6021088 0 P 0
L 1.954 1.6037855 1.954 2.08 0 P 0
L 1.954 1.6037855 1.9768138 1.5809717 0 P 0
L 1.954 2.08 1.995 2.121 0 P 0
L 1.9748152 3.2901726 1.9748152 3.299365 1 P 0
L 1.9748152 3.2901726 1.9774939 3.2874939 1 P 0
L 1.9861289 3.3106787 1.9953213 3.3106787 1 P 0
L 1.995 2.121 1.995 2.389 0 P 0
L 1.995 2.389 2.041 2.435 0 P 0
L 1.9953213 3.3106787 1.998 3.308 1 P 0
L 2.002952 2.671952 2.002952 2.867126 1 P 0
L 2.0164173 1.7436843 2.0164173 2.0105118 0 P 0
L 2.0164173 1.7436843 2.0368893 1.7232123 0 P 0
L 2.0164173 2.0105118 2.0246063 2.0187008 0 P 0
L 2.0368893 1.7029374 2.0368893 1.7232123 0 P 0
L 2.0368893 1.7029374 2.0376144 1.7022123 0 P 0
L 2.041 2.435 2.041 2.955 0 P 0
L 2.0552919 2.3121085 2.0552919 2.6405128 0 P 0
L 2.0552919 2.3121085 2.0647122 2.3026882 0 P 0
L 2.0552919 2.6405128 2.0856299 2.6708508 0 P 0
L 2.0621004 1.7498996 2.0621004 2.0249881 0 P 0
L 2.0621004 1.7498996 2.0886973 1.7233027 0 P 0
L 2.0621004 2.0249881 2.0647122 2.0275999 0 P 0
L 2.0647122 2.0275999 2.0647122 2.3026882 0 P 0
L 2.0742919 2.3737004 2.0752998 2.3726925 1 P 0
L 2.0752998 2.3467002 2.0752998 2.3726925 1 P 0
L 2.0752998 2.3467002 2.085 2.337 1 P 0
L 2.085 1.823 2.085 2.337 1 P 0
L 2.085 1.823 2.1074081 1.8005919 1 P 0
L 2.0856299 2.6708508 2.0856299 2.9242126 0 P 0
L 2.0886973 1.7228305 2.0886973 1.7233027 0 P 0
L 2.1074081 1.7913803 2.1074081 1.8005919 1 P 0
L 2.1074081 1.7913803 2.12 1.7787884 1 P 0
L 2.1090919 2.0809082 2.1090919 2.2401424 1 P 0
L 2.1090919 2.0809082 2.154 2.0360001 1 P 0
L 2.1090919 2.2401424 2.1237008 2.2547513 1 P 0
L 2.12 1.775 2.12 1.7787884 1 P 0
L 2.1210919 2.0979081 2.1210919 2.1350919 0 P 0
L 2.1210919 2.0979081 2.174 2.045 0 P 0
L 2.1210919 2.1350919 2.1506969 2.1646969 0 P 0
L 2.1219333 1.6970633 2.1398028 1.7149328 1 P 0
L 2.1237008 2.2547513 2.1237008 2.2707763 1 P 0
L 2.1237008 2.2707763 2.128622 2.2756975 1 P 0
L 2.128622 2.2756975 2.128622 2.3667319 1 P 0
L 2.128622 2.3667319 2.1390787 2.3771886 1 P 0
L 2.1390787 2.3771886 2.1390787 2.4587945 1 P 0
L 2.1390787 2.4587945 2.143 2.4627158 1 P 0
L 2.1398028 1.7149328 2.1398028 1.7434084 1 P 0
L 2.1398028 1.7434084 2.149 1.7526056 1 P 0
L 2.1400919 2.1201243 2.1400919 2.1233072 0 P 0
L 2.1400919 2.1201243 2.185 2.0752162 0 P 0
L 2.1416267 2.6572702 2.1416267 2.7738213 1 P 0
L 2.1416267 2.6572702 2.143 2.6558969 1 P 0
L 2.1416267 2.7738213 2.1535433 2.7857379 1 P 0
L 2.143 2.4627158 2.143 2.6558969 1 P 0
L 2.149 1.7526056 2.149 1.8980165 1 P 0
L 2.149 1.8980165 2.154 1.9030165 1 P 0
L 2.1506969 2.1646969 2.1506969 2.2951836 0 P 0
L 2.1506969 2.2951836 2.177 2.3214867 0 P 0
L 2.1535433 2.7857379 2.1535433 2.8635433 1 P 0
L 2.1535433 2.8635433 2.225 2.935 1 P 0
L 2.154 1.665 2.1805308 1.6915308 0 P 0
L 2.154 1.9030165 2.154 2.0360001 1 P 0
L 2.1661169 0.6723569 2.1661169 0.866 0 P 0
L 2.1661169 0.6723569 2.1784185 0.6600553 0 P 0
L 2.1661169 0.866 2.1661169 0.9403301 0 P 0
L 2.1661169 0.9403301 2.3064016 1.0806148 0 P 0
L 2.1692677 1.89 2.1692677 1.9672987 0 P 0
L 2.1692677 1.9672987 2.174 1.972031 0 P 0
L 2.1696969 2.2563151 2.1703449 2.2556671 0 P 0
L 2.1703449 2.2556671 2.185333 2.2556671 0 P 0
L 2.174 1.972031 2.174 2.045 0 P 0
L 2.175 2.358 2.177 2.356 0 P 0
L 2.177 2.3214867 2.177 2.356 0 P 0
L 2.1784185 0.6600553 2.1979016 0.6600553 0 P 0
L 2.1805308 1.6915308 2.1855308 1.6915308 0 P 0
L 2.1811169 0.6785701 2.1811169 0.831 0 P 0
L 2.1811169 0.6785701 2.1846317 0.6750553 0 P 0
L 2.1811169 0.831 2.1811169 0.866 0 P 0
L 2.1811169 0.866 2.1811169 0.9341169 0 P 0
L 2.1811169 0.9341169 2.3214016 1.0744016 0 P 0
L 2.1846317 0.6750553 2.1896021 0.6750553 0 P 0
L 2.185 1.972 2.185 2.0752162 0 P 0
L 2.185 1.972 2.209 1.948 0 P 0
L 2.185333 2.2556671 2.225 2.2160001 0 P 0
L 2.1855308 1.6915308 2.209 1.715 0 P 0
L 2.1896021 0.6750553 2.1931169 0.6785701 0 P 0
L 2.1931169 0.6785701 2.1931169 0.723208 0 P 0
L 2.1931169 0.723208 2.2093345 0.7394256 0 P 0
L 2.1979016 0.6600553 2.216224 0.6417329 0 P 0
L 2.209 1.715 2.209 1.948 0 P 0
L 2.2093345 0.7394256 2.2492204 0.7394256 0 P 0
L 2.2096063 2.0183937 2.2096063 2.1147363 0 P 0
L 2.2096063 2.0183937 2.3 1.928 0 P 0
L 2.2096063 2.1147363 2.2347158 2.1398458 0 P 0
L 2.216224 0.6417329 2.2915429 0.6417329 0 P 0
L 2.225 2.16813 2.225 2.2160001 0 P 0
L 2.225 2.16813 2.2347158 2.1584142 0 P 0
L 2.2347158 2.1398458 2.2347158 2.1584142 0 P 0
L 2.2445433 1.6602795 2.2445433 1.8395433 0 P 0
L 2.2445433 1.6602795 2.3024646 1.6023582 0 P 0
L 2.2445433 1.8395433 2.3518268 1.9468268 0 P 0
L 2.2492204 0.7394256 2.270016 0.71863 0 P 0
L 2.2595433 1.6664927 2.2595433 1.8333301 0 P 0
L 2.2595433 1.6664927 2.3174646 1.6085714 0 P 0
L 2.2595433 1.8333301 2.3668268 1.9406136 0 P 0
L 2.2829291 1.3305551 2.2829291 1.4616154 0 P 0
L 2.2829291 1.3305551 2.3064016 1.3070826 0 P 0
L 2.2829291 1.4616154 2.3024646 1.4811509 0 P 0
L 2.289 1.787 2.3404581 1.787 0 P 0
L 2.2915429 0.6417329 2.319228 0.669418 0 P 0
L 2.2979291 1.3367683 2.2979291 1.4554022 0 P 0
L 2.2979291 1.3367683 2.3214016 1.3132958 0 P 0
L 2.2979291 1.4554022 2.3174646 1.4749377 0 P 0
L 2.3024646 1.4811509 2.3024646 1.6023582 0 P 0
L 2.3064016 1.0806148 2.3064016 1.3070826 0 P 0
L 2.3174646 1.4749377 2.3174646 1.6085714 0 P 0
L 2.3214016 1.0744016 2.3214016 1.3132958 0 P 0
L 2.3375984 2.7528055 2.3375984 2.9114173 1 P 0
L 2.3375984 2.7528055 2.3827396 2.7076643 1 P 0
L 2.3404581 1.787 2.3524581 1.799 0 P 0
L 2.3518268 1.9468268 2.3518268 1.9719568 0 P 0
L 2.3518268 1.9719568 2.3783268 1.9984568 0 P 0
L 2.3524581 1.799 2.411 1.799 0 P 0
L 2.3658268 2.0962953 2.3658268 2.0965906 0 P 0
L 2.3658268 2.0962953 2.3783268 2.0837953 0 P 0
L 2.3668268 1.9406136 2.3668268 1.9657436 0 P 0
L 2.3668268 1.9657436 2.3933268 1.9922436 0 P 0
L 2.3684406 0.6694177 2.3892359 0.6486224 0 P 0
L 2.3684406 0.7186303 2.3851257 0.7353154 0 P 0
L 2.372 1.881 2.42 1.929 0 P 0
L 2.3783268 1.9984568 2.3783268 2.0837953 0 P 0
L 2.3827396 2.5858896 2.3827396 2.7076643 1 P 0
L 2.3827396 2.5858896 2.4546292 2.514 1 P 0
L 2.3851257 0.7353154 2.4020755 0.7353154 0 P 0
L 2.3892359 0.6486224 2.4291207 0.6486224 0 P 0
L 2.3933268 1.9922436 2.3933268 2.0837953 0 P 0
L 2.3933268 2.0837953 2.4055315 2.096 0 P 0
L 2.4 2.1628136 2.4 2.199 0 P 0
L 2.4 2.1628136 2.4248268 2.1379868 0 P 0
L 2.4 2.199 2.402 2.201 0 P 0
L 2.4020755 0.7353154 2.4061857 0.7394256 0 P 0
L 2.4055315 2.096 2.4058268 2.096 0 P 0
L 2.4061857 0.7394256 2.4291207 0.7394256 0 P 0
L 2.4083654 1.1776346 2.4083654 1.65046 0 P 0
L 2.4083654 1.1776346 2.484 1.102 0 P 0
L 2.4083654 1.65046 2.553 1.7950946 0 P 0
L 2.411 1.799 2.45 1.838 0 P 0
L 2.42 1.929 2.42 2.0332449 0 P 0
L 2.42 2.0332449 2.4248268 2.0380717 0 P 0
L 2.423 1.885 2.423 1.9164437 0 P 0
L 2.423 1.9164437 2.431 1.9244437 0 P 0
L 2.4233654 1.1838478 2.4233654 1.6442468 0 P 0
L 2.4233654 1.1838478 2.499 1.1082132 0 P 0
L 2.4233654 1.6442468 2.568 1.7888814 0 P 0
L 2.4248268 2.0380717 2.4248268 2.1379868 0 P 0
L 2.426 2.9110512 2.426 2.961 0 P 0
L 2.426 2.9110512 2.4312032 2.905848 0 P 0
L 2.4291207 0.6486224 2.4453383 0.66484 0 P 0
L 2.4291207 0.7394256 2.4453383 0.723208 0 P 0
L 2.431 1.9244437 2.431 2.0286886 0 P 0
L 2.431 2.0286886 2.47 2.0676886 0 P 0
L 2.4312032 2.5543965 2.4312032 2.905848 0 P 0
L 2.4312032 2.5543965 2.4812254 2.5043743 0 P 0
L 2.438 1.791 2.461 1.814 0 P 0
L 2.4453383 0.66484 2.4453383 0.6830092 0 P 0
L 2.4453383 0.6830092 2.4488531 0.686524 0 P 0
L 2.4453383 0.7050388 2.4453383 0.723208 0 P 0
L 2.4453383 0.7050388 2.4488531 0.701524 0 P 0
L 2.4470004 2.2478696 2.4470004 2.3413705 0 P 0
L 2.4470004 2.2478696 2.47 2.22487 0 P 0
L 2.4470004 2.3413705 2.4812254 2.3755955 0 P 0
L 2.4488531 0.686524 2.4600367 0.686524 0 P 0
L 2.4488531 0.701524 2.4538235 0.701524 0 P 0
L 2.45 1.838 2.45 2.0214263 0 P 0
L 2.45 2.0214263 2.481 2.0524263 0 P 0
L 2.4538235 0.701524 2.484 0.7317005 0 P 0
L 2.4546292 2.5120002 2.4546292 2.514 1 P 0
L 2.4546292 2.5120002 2.4603213 2.5063081 1 P 0
L 2.4595906 2.5662804 2.4595906 2.9925906 0 P 0
L 2.4595906 2.5662804 2.5136315 2.5122395 0 P 0
L 2.4595906 2.9925906 2.46 2.993 0 P 0
L 2.4600367 0.686524 2.499 0.7254873 0 P 0
L 2.4603213 2.4851295 2.4603213 2.5063081 1 P 0
L 2.4603213 2.4851295 2.4622254 2.4832254 1 P 0
L 2.461 1.814 2.461 2.01687 0 P 0
L 2.461 2.01687 2.492 2.04787 0 P 0
L 2.47 2.0676886 2.47 2.22487 0 P 0
L 2.48 2.009 2.4830614 2.0059386 0 P 0
L 2.481 2.0524263 2.481 2.069 0 P 0
L 2.481 2.069 2.514 2.102 0 P 0
L 2.4812254 2.3755955 2.4812254 2.5043743 0 P 0
L 2.4830614 1.993609 2.4830614 2.0059386 0 P 0
L 2.4830614 1.993609 2.4835467 1.9931237 0 P 0
L 2.4835467 1.9904533 2.4835467 1.9931237 0 P 0
L 2.4835467 1.9904533 2.553 1.921 0 P 0
L 2.484 0.7317005 2.484 1.102 0 P 0
L 2.492 2.04787 2.492 2.059 0 P 0
L 2.492 2.059 2.5696817 2.1366817 0 P 0
L 2.499 0.7254873 2.499 1.1082132 0 P 0
L 2.5011066 1.9941066 2.5011066 1.996777 0 P 0
L 2.5011066 1.9941066 2.568 1.9272132 0 P 0
L 2.5011066 1.996777 2.509 2.0046704 0 P 0
L 2.509 2.0046704 2.509 2.009 0 P 0
L 2.5136315 2.4685308 2.5136315 2.5122395 0 P 0
L 2.5136315 2.4685308 2.5141338 2.4680285 0 P 0
L 2.5137394 2.1921306 2.5137394 2.2167283 0 P 0
L 2.5137394 2.1921306 2.514 2.19187 0 P 0
L 2.5137394 2.2167283 2.543 2.2459889 0 P 0
L 2.514 2.102 2.514 2.19187 0 P 0
L 2.5141338 2.3120076 2.5141338 2.4680285 0 P 0
L 2.5141338 2.3120076 2.5314533 2.2946881 0 P 0
L 2.5314533 2.293854 2.5314533 2.2946881 0 P 0
L 2.5314533 2.293854 2.5430108 2.2822965 0 P 0
L 2.543 2.2459889 2.543 2.2779777 0 P 0
L 2.5430108 2.2779885 2.5430108 2.2822965 0 P 0
L 2.55 2.80187 2.55 2.9592862 0 P 0
L 2.55 2.80187 2.568 2.78387 0 P 0
L 2.55 2.9592862 2.5699064 2.9791926 0 P 0
L 2.553 1.7950946 2.553 1.921 0 P 0
L 2.5559599 2.3356934 2.5559599 2.5209832 0 P 0
L 2.5559599 2.3356934 2.5696817 2.3219716 0 P 0
L 2.5559599 2.5209832 2.568 2.5330233 0 P 0
L 2.568 1.7888814 2.568 1.9272132 0 P 0
L 2.568 2.5330233 2.568 2.78387 0 P 0
L 2.569 2.7998405 2.569 2.903 1 P 0
L 2.569 2.7998405 2.58 2.7888405 1 P 0
L 2.5696817 2.1366817 2.5696817 2.3219716 0 P 0
L 2.5699064 2.9791926 2.5699064 3.1420936 0 P 0
L 2.58 2.6139038 2.58 2.7888405 1 P 0
L 2.58 2.6139038 2.6319328 2.561971 1 P 0
L 2.583 2.91587 2.583 2.952 0 P 0
L 2.583 2.91587 2.592 2.90687 0 P 0
L 2.592 2.6750862 2.592 2.90687 0 P 0
L 2.592 2.6750862 2.652 2.6150862 0 P 0
L 2.5947158 2.975044 2.5947158 2.9992842 0 P 0
L 2.5947158 2.975044 2.603 2.9667598 0 P 0
L 2.601063 1.8793968 2.601063 2.3738024 1 P 0
L 2.601063 1.8793968 2.6077454 1.8727144 1 P 0
L 2.601063 2.3738024 2.6319328 2.4046722 1 P 0
L 2.603 2.725052 2.603 2.9667598 0 P 0
L 2.603 2.725052 2.665654 2.662398 0 P 0
L 2.614 2.7296083 2.614 2.89613 0 P 0
L 2.614 2.7296083 2.676654 2.6669543 0 P 0
L 2.614 2.89613 2.683 2.96513 0 P 0
L 2.621063 2.2116142 2.6210632 2.2116142 0 P 0
L 2.6210632 2.2116142 2.633449 2.224 0 P 0
L 2.625 2.0074762 2.625 2.011 0 P 0
L 2.625 2.011 2.6285238 2.011 0 P 0
L 2.627 2.243 2.6570001 2.2730001 0 P 0
L 2.6285238 2.011 2.661 2.0434762 0 P 0
L 2.6319328 2.4046722 2.6319328 2.561971 1 P 0
L 2.633449 2.224 2.63487 2.224 0 P 0
L 2.63487 2.224 2.6680001 2.2571301 0 P 0
L 2.636 3.131 2.67 3.097 0 P 0
L 2.6439328 2.5612862 2.6439328 2.5830628 0 P 0
L 2.6439328 2.5612862 2.678 2.527219 0 P 0
L 2.6439328 2.5830628 2.6479664 2.5870964 0 P 0
L 2.6479664 2.5870964 2.6479664 2.5880869 0 P 0
L 2.6479664 2.5880869 2.652 2.5921205 0 P 0
L 2.648 2.3833231 2.648 2.46687 0 P 0
L 2.648 2.3833231 2.6570001 2.374323 0 P 0
L 2.648 2.46687 2.66063 2.4795 0 P 0
L 2.652 2.5921205 2.652 2.6150862 0 P 0
L 2.6549328 2.5665109 2.6549328 2.5785065 0 P 0
L 2.6549328 2.5665109 2.6961251 2.5253186 0 P 0
L 2.6549328 2.5785065 2.659 2.5825737 0 P 0
L 2.6570001 2.2730001 2.6570001 2.374323 0 P 0
L 2.659 2.5825737 2.659 2.5835642 0 P 0
L 2.659 2.5835642 2.665654 2.5902182 0 P 0
L 2.66063 2.4795 2.66537 2.4795 0 P 0
L 2.661 2.0434762 2.661 2.173 0 P 0
L 2.661 2.173 2.697 2.209 0 P 0
L 2.66537 2.4795 2.678 2.49213 0 P 0
L 2.665654 2.5902182 2.665654 2.662398 0 P 0
L 2.667 3.1155563 2.667 3.265 0 P 0
L 2.667 3.1155563 2.694 3.0885563 0 P 0
L 2.6680001 2.2571301 2.6680001 2.374 0 P 0
L 2.6680001 2.374 2.6961251 2.402125 0 P 0
L 2.67 2.567 2.67 2.5790079 0 P 0
L 2.67 2.567 2.714 2.523 0 P 0
L 2.67 2.5790079 2.676654 2.5856619 0 P 0
L 2.67 3.0948702 2.67 3.097 0 P 0
L 2.67 3.0948702 2.681 3.0838702 0 P 0
L 2.676654 2.5856619 2.676654 2.6669543 0 P 0
L 2.678 2.49213 2.678 2.527219 0 P 0
L 2.679 2.0833538 2.679 2.151 0 P 0
L 2.679 2.0833538 2.7224409 2.0399129 0 P 0
L 2.679 2.151 2.721 2.193 0 P 0
L 2.681 2.98287 2.681 3.0838702 0 P 0
L 2.681 2.98287 2.683 2.98087 0 P 0
L 2.683 2.96513 2.683 2.98087 0 P 0
L 2.694 2.694 2.694 3.0885563 0 P 0
L 2.694 2.694 2.798 2.59 0 P 0
L 2.6961251 2.402125 2.6961251 2.5253186 0 P 0
L 2.714 2.50913 2.714 2.523 0 P 0
L 2.714 2.50913 2.786 2.43713 0 P 0
L 2.715 2.2243351 2.715 2.254 0 P 0
L 2.715 2.2243351 2.721 2.2183351 0 P 0
L 2.721 2.193 2.721 2.2183351 0 P 0
L 2.7224409 2.003937 2.7224409 2.0399129 0 P 0
L 2.742 2.868 2.8873702 2.7226298 0 P 0
L 2.7595515 3.0694992 2.7595515 3.1696311 1 P 0
L 2.7595515 3.0694992 2.7890795 3.0399712 1 P 0
L 2.7595515 3.1696311 2.765 3.1750796 1 P 0
L 2.765 3.1750796 2.765 3.4520773 1 P 0
L 2.765 3.4520773 2.7758815 3.4629588 1 P 0
L 2.769 1.6666063 2.77175 1.6693563 0 P 0
L 2.77175 1.6693563 2.77175 1.87975 0 P 0
L 2.77175 1.87975 2.7745 1.8825 0 P 0
L 2.7758815 3.4629588 2.7758815 3.4667472 1 P 0
L 2.7851339 2.1168661 2.7851339 2.3751922 0 P 0
L 2.7851339 2.1168661 2.81 2.092 0 P 0
L 2.7851339 2.3751922 2.7873218 2.3773801 0 P 0
L 2.786 2.3787019 2.786 2.43713 0 P 0
L 2.786 2.3787019 2.7873218 2.3773801 0 P 0
L 2.7890795 2.9161252 2.7890795 3.0399712 1 P 0
L 2.798 2.48 2.798 2.59 0 P 0
L 2.798 2.48 2.836 2.442 0 P 0
L 2.81 1.963 2.852 2.005 0 P 0
L 2.817 2.25513 2.817 2.334 0 P 0
L 2.817 2.25513 2.826 2.24613 0 P 0
L 2.817 2.334 2.836 2.353 0 P 0
L 2.821196 0.669418 2.8494185 0.6976405 2 P 0
L 2.826 2.235 2.826 2.24613 0 P 0
L 2.826 2.235 2.852 2.209 0 P 0
L 2.836 2.353 2.836 2.442 0 P 0
L 2.8407249 0.7063341 2.8407249 0.7309259 2 P 0
L 2.8407249 0.7063341 2.8494185 0.6976405 2 P 0
L 2.8407249 0.7309259 2.8581141 0.7483151 2 P 0
L 2.852 2.005 2.852 2.209 0 P 0
L 2.8581141 0.7483151 2.8765567 0.7483151 2 P 0
L 2.8719106 3.2509106 2.8719106 3.324784 1 P 0
L 2.8719106 3.324784 2.8931266 3.346 1 P 0
L 2.8765567 0.7483151 2.8824146 0.754173 2 P 0
L 2.877 2.59 2.8873702 2.6003702 0 P 0
L 2.8824146 0.754173 2.8824146 0.769913 2 P 0
L 2.8824146 0.769913 2.9941384 0.8816368 2 P 0
L 2.8873702 2.6003702 2.8873702 2.7226298 0 P 0
L 2.9004146 0.754173 2.9004146 0.7624572 2 P 0
L 2.9004146 0.754173 2.9062725 0.7483151 2 P 0
L 2.9004146 0.7624572 3.0015942 0.8636368 2 P 0
L 2.9062725 0.7483151 2.9319179 0.7483151 2 P 0
L 2.917 2.943 2.957 2.903 1 P 0
L 2.931 2.056 2.95 2.075 0 P 0
L 2.9319179 0.7483151 2.968834 0.711399 2 P 0
L 2.936 2.322 2.9390614 2.3189386 0 P 0
L 2.9390614 2.3047786 2.9390614 2.3189386 0 P 0
L 2.9390614 2.3047786 2.95 2.29384 0 P 0
L 2.946 2.9309705 2.946 2.952 0 P 0
L 2.946 2.9309705 3.119 2.7579705 0 P 0
L 2.95 2.075 2.95 2.29384 0 P 0
L 2.956 2.6661969 2.957 2.6671969 1 P 0
L 2.957 2.6671969 2.957 2.903 1 P 0
L 2.9590235 2.9962932 2.9590235 3.1017132 1 P 0
L 2.9590235 2.9962932 3.0181795 2.9371352 1 P 0
L 2.9590235 3.1017132 2.9701815 3.1128712 1 P 0
L 2.968834 0.669418 2.968834 0.711399 2 P 0
L 2.9701815 3.1128712 2.9701815 3.2182912 1 P 0
L 2.994 1.68 2.994 2.195 0 P 0
L 2.994 2.195 3.049 2.25 0 P 0
L 2.9941384 0.8816368 3.1146368 0.8816368 2 P 0
L 3.0015942 0.8636368 3.1220926 0.8636368 2 P 0
L 3.03 1.7698458 3.03 1.9321838 2 P 0
L 3.03 1.7698458 3.1060861 1.6937597 2 P 0
L 3.03 1.9321838 3.046 1.9481838 2 P 0
L 3.038 2.1478461 3.038 2.151 2 P 0
L 3.038 2.1478461 3.046704 2.1391421 2 P 0
L 3.046 1.9481838 3.046 2.0620711 2 P 0
L 3.046 2.0620711 3.046704 2.0627751 2 P 0
L 3.046704 2.0627751 3.046704 2.1391421 2 P 0
L 3.048 1.7773016 3.048 1.924728 2 P 0
L 3.048 1.7773016 3.1240861 1.7012155 2 P 0
L 3.048 1.924728 3.064 1.940728 2 P 0
L 3.049 2.25 3.049 2.4199032 0 P 0
L 3.049 2.4199032 3.07 2.4409032 0 P 0
L 3.064 1.940728 3.064 2.0527814 2 P 0
L 3.064 2.0527814 3.064704 2.0534854 2 P 0
L 3.064704 2.0534854 3.064704 2.1562606 2 P 0
L 3.064704 2.1562606 3.067 2.1585566 2 P 0
L 3.07 2.4409032 3.07 2.51 0 P 0
L 3.093 2.0389311 3.093 2.1805325 0 P 0
L 3.093 2.0389311 3.097 2.0349311 0 P 0
L 3.093 2.1805325 3.1162316 2.2037641 0 P 0
L 3.097 1.889 3.097 2.0349311 0 P 0
L 3.104 2.0434874 3.104 2.14387 0 P 0
L 3.104 2.0434874 3.108 2.0394874 0 P 0
L 3.104 2.14387 3.122065 2.161935 0 P 0
L 3.1060861 1.6907597 3.1060861 1.6937597 2 P 0
L 3.1060861 1.6907597 3.1672789 1.6295669 2 P 0
L 3.108 1.9101615 3.108 2.0394874 0 P 0
L 3.108 1.9101615 3.116 1.9021615 0 P 0
L 3.1086455 3.0060092 3.1086455 3.1176455 1 P 0
L 3.1086455 3.0060092 3.1729375 2.9417172 1 P 0
L 3.1086455 3.1176455 3.158 3.167 1 P 0
L 3.113 1.792 3.116 1.795 0 P 0
L 3.1146368 0.8816368 3.218 0.985 2 P 0
L 3.116 1.795 3.116 1.9021615 0 P 0
L 3.116 2.616 3.119 2.619 0 P 0
L 3.1162316 2.2037641 3.1162316 2.5036262 0 P 0
L 3.119 1.9147178 3.119 2.0211941 0 P 0
L 3.119 1.9147178 3.1437008 1.890017 0 P 0
L 3.119 2.0211941 3.12 2.0221941 0 P 0
L 3.119 2.619 3.119 2.7579705 0 P 0
L 3.12 2.0221941 3.12 2.133 0 P 0
L 3.12 2.133 3.123 2.136 0 P 0
L 3.122065 2.161935 3.123935 2.161935 0 P 0
L 3.1220926 0.8636368 3.236 0.9775442 2 P 0
L 3.123 3.2214671 3.123 3.2537158 1 P 0
L 3.123 3.2214671 3.1271599 3.2173072 1 P 0
L 3.123 3.2537158 3.135 3.2657158 1 P 0
L 3.123935 2.161935 3.142 2.18 0 P 0
L 3.1240861 1.6982155 3.1240861 1.7012155 2 P 0
L 3.1240861 1.6982155 3.1747347 1.6475669 2 P 0
L 3.135 2.2714999 3.135 2.40787 0 P 0
L 3.135 2.2714999 3.142 2.2644999 0 P 0
L 3.135 2.40787 3.149 2.42187 0 P 0
L 3.135 3.2657158 3.135 3.452 1 P 0
L 3.139 2.095 3.158 2.114 0 P 0
L 3.142 2.18 3.142 2.2644999 0 P 0
L 3.1437008 1.7904292 3.1437008 1.890017 0 P 0
L 3.1437008 1.7904292 3.155 1.77913 0 P 0
L 3.149 2.42187 3.149 2.497 0 P 0
L 3.149 2.497 3.165565 2.513565 0 P 0
L 3.155 1.723 3.155 1.77913 0 P 0
L 3.158 2.114 3.158 2.292 0 P 0
L 3.165565 2.513565 3.168435 2.513565 0 P 0
L 3.1672789 1.6295669 3.2360628 1.6295669 2 P 0
L 3.174 2.4726704 3.174 2.477 0 P 0
L 3.174 2.4726704 3.181 2.4656704 0 P 0
L 3.1747347 1.6475669 3.1777348 1.6475669 2 P 0
L 3.1777349 1.6475669 3.2435186 1.6475669 2 P 0
L 3.1791496 2.1549301 3.1791496 2.2942086 0 P 0
L 3.1791496 2.1549301 3.185937 2.1481427 0 P 0
L 3.1791496 2.2942086 3.181 2.296059 0 P 0
L 3.181 2.296059 3.181 2.4656704 0 P 0
L 3.1830709 1.9013296 3.1830709 1.9861359 0 P 0
L 3.1830709 1.9861359 3.19 1.993065 0 P 0
L 3.185937 2.057193 3.185937 2.1481427 0 P 0
L 3.185937 2.057193 3.19 2.05313 0 P 0
L 3.19 1.993065 3.19 2.05313 0 P 0
L 3.2061493 1.1246596 3.2061493 1.3026593 2 P 0
L 3.2061493 1.1246596 3.218 1.1128089 2 P 0
L 3.2061493 1.3026593 3.283 1.37951 2 P 0
L 3.218 0.985 3.218 1.1128089 2 P 0
L 3.2241493 1.1321154 3.2241493 1.2952035 2 P 0
L 3.2241493 1.1321154 3.236 1.1202647 2 P 0
L 3.2241493 1.2952035 3.301 1.3720542 2 P 0
L 3.226 1.9921404 3.226 2.14563 0 P 0
L 3.226 1.9921404 3.252 1.9661404 0 P 0
L 3.226 2.14563 3.23 2.14963 0 P 0
L 3.23 2.14963 3.23 2.24113 0 P 0
L 3.23 2.24113 3.234 2.24513 0 P 0
L 3.234 2.24513 3.234 2.543 0 P 0
L 3.234 2.543 3.295 2.604 0 P 0
L 3.236 0.9775442 3.236 1.1202647 2 P 0
L 3.2360628 1.6295669 3.2941493 1.5714804 2 P 0
L 3.2435186 1.6475669 3.3121493 1.5789362 2 P 0
L 3.245 1.778 3.245 1.8411814 0 P 0
L 3.245 1.8411814 3.252 1.8481814 0 P 0
L 3.2519234 3.6834492 3.2519234 3.7101769 1 P 0
L 3.2519234 3.6834492 3.375 3.5603726 1 P 0
L 3.2519234 3.7101769 3.2681098 3.7263633 1 P 0
L 3.252 1.8481814 3.252 1.9661404 0 P 0
L 3.253 3.387 3.28 3.36 1 P 0
L 3.258938 1.9981648 3.258938 2.049068 0 P 0
L 3.258938 1.9981648 3.274 1.9831028 0 P 0
L 3.258938 2.049068 3.264 2.05413 0 P 0
L 3.263 1.697 3.264 1.698 0 P 0
L 3.264 1.698 3.264 1.8655 0 P 0
L 3.264 1.8655 3.293 1.8945 0 P 0
L 3.264 2.05413 3.264 2.1519351 0 P 0
L 3.264 2.1519351 3.274 2.1619351 0 P 0
L 3.266 2.26787 3.266 2.279 0 P 0
L 3.266 2.26787 3.27 2.26387 0 P 0
L 3.266 2.279 3.286 2.299 0 P 0
L 3.2679234 3.6900766 3.2679234 3.7035495 1 P 0
L 3.2679234 3.6900766 3.391 3.567 1 P 0
L 3.2679234 3.7035495 3.2759235 3.7115496 1 P 0
L 3.2681098 3.7263633 3.2681098 3.7293214 1 P 0
L 3.2681098 3.7293214 3.273 3.7342116 1 P 0
L 3.27 2.26113 3.27 2.26387 0 P 0
L 3.27 2.26113 3.274 2.25713 0 P 0
L 3.273 3.7342116 3.273 3.738 1 P 0
L 3.274 1.928 3.274 1.9831028 0 P 0
L 3.274 2.1619351 3.274 2.25713 0 P 0
L 3.2759235 3.7115496 3.2875496 3.7115496 1 P 0
L 3.276 0.7063311 3.276 0.8158258 0 P 0
L 3.276 0.7063311 3.290059 0.6922721 0 P 0
L 3.276 0.8158258 3.5471742 1.087 0 P 0
L 3.28 2.979 3.28 3.36 1 P 0
L 3.283 1.37951 3.283 1.4789206 2 P 0
L 3.283 1.4789206 3.2941493 1.4900699 2 P 0
L 3.286 2.299 3.286 2.2998344 0 P 0
L 3.2875496 3.7115496 3.29 3.714 1 P 0
L 3.290059 0.6922721 3.3175563 0.6922721 0 P 0
L 3.293 1.8945 3.293 1.924 0 P 0
L 3.293 1.924 3.320192 1.951192 0 P 0
L 3.294 0.7137869 3.294 0.80837 0 P 0
L 3.294 0.7137869 3.2975148 0.7102721 0 P 0
L 3.294 0.80837 3.3086116 0.8229816 0 P 0
L 3.2941493 1.4900699 3.2941493 1.5714804 2 P 0
L 3.2975148 0.7102721 3.3164852 0.7102721 0 P 0
L 3.301 1.3720542 3.301 1.4714648 2 P 0
L 3.301 1.4714648 3.3121493 1.4826141 2 P 0
L 3.306 1.855 3.3103296 1.855 0 P 0
L 3.308 3.147 3.334 3.173 1 P 0
L 3.308 3.176 3.3117884 3.176 1 P 0
L 3.3086116 0.8229816 3.3220471 0.8364171 0 P 0
L 3.3103296 1.855 3.3218763 1.8434533 0 P 0
L 3.3117884 3.176 3.3164747 3.1806863 1 P 0
L 3.3121493 1.4826141 3.3121493 1.5789362 2 P 0
L 3.3164747 3.1806863 3.318 3.1806863 1 P 0
L 3.3164852 0.7102721 3.32 0.7137869 0 P 0
L 3.3175563 0.6922721 3.3210711 0.6887573 0 P 0
L 3.318 3.1806863 3.318 3.3639116 1 P 0
L 3.318 3.3639116 3.375 3.4209116 1 P 0
L 3.32 0.7137869 3.32 0.7221359 0 P 0
L 3.32 0.7221359 3.3441781 0.746314 0 P 0
L 3.320192 1.951192 3.320192 2.2958624 0 P 0
L 3.320192 2.2958624 3.4069732 2.3826436 0 P 0
L 3.3210711 0.664839 3.3210711 0.6887573 0 P 0
L 3.3210711 0.664839 3.3441785 0.6417316 0 P 0
L 3.3218763 1.8434533 3.3238446 1.8434533 0 P 0
L 3.3220471 0.8364171 3.3270175 0.8364171 0 P 0
L 3.3238446 1.8434533 3.3289125 1.8383854 0 P 0
L 3.3270175 0.8364171 3.3364117 0.8270229 0 P 0
L 3.3289125 1.7422176 3.3289125 1.8383854 0 P 0
L 3.3289125 1.7422176 3.406 1.6651301 0 P 0
L 3.334 3.173 3.334 3.3572842 1 P 0
L 3.334 3.3572842 3.391 3.4142842 1 P 0
L 3.336 1.92 3.336 1.9243296 0 P 0
L 3.336 1.9243296 3.3419013 1.9302309 0 P 0
L 3.3364117 0.8270229 3.3409371 0.8270229 0 P 0
L 3.3381087 0.8479533 3.3381087 0.8524787 0 P 0
L 3.3381087 0.8479533 3.3477254 0.8383366 0 P 0
L 3.3381087 0.8524787 3.344897 0.859267 0 P 0
L 3.3409371 0.8270229 3.3477254 0.8338112 0 P 0
L 3.3412721 2.1455846 3.3412721 2.1551846 0 P 0
L 3.3412721 2.1455846 3.3444721 2.1423846 0 P 0
L 3.3412721 2.1551846 3.3444721 2.1583846 0 P 0
L 3.3419013 1.9302309 3.3419013 2.1143571 0 P 0
L 3.3419013 2.1143571 3.3612721 2.1337279 0 P 0
L 3.3441781 0.746314 3.4194967 0.746314 0 P 0
L 3.3441785 0.6417316 3.4687089 0.6417316 0 P 0
L 3.3444721 2.1423846 3.3577574 2.1423846 0 P 0
L 3.3444721 2.1583846 3.3577574 2.1583846 0 P 0
L 3.344897 0.859267 3.3494224 0.859267 0 P 0
L 3.3477254 0.8338112 3.3477254 0.8383366 0 P 0
L 3.3494224 0.859267 3.3590391 0.8496503 0 P 0
L 3.3577574 2.1423846 3.3612721 2.1388699 0 P 0
L 3.3577574 2.1583846 3.3612721 2.1618993 0 P 0
L 3.3577638 2.267 3.3600628 2.264701 0 P 0
L 3.3590391 0.8496503 3.3635645 0.8496503 0 P 0
L 3.3597638 2.21 3.3600628 2.210299 0 P 0
L 3.3599013 1.9385168 3.3599013 2.1069013 0 P 0
L 3.3599013 1.9385168 3.3651857 1.9332324 0 P 0
L 3.3599013 2.1069013 3.3792721 2.1262721 0 P 0
L 3.3600628 2.210299 3.3600628 2.2259852 0 P 0
L 3.3600628 2.2259852 3.3635776 2.2295 0 P 0
L 3.3600628 2.2510148 3.3600628 2.264701 0 P 0
L 3.3600628 2.2510148 3.3635776 2.2475 0 P 0
L 3.3609587 0.8703581 3.3609587 0.8753287 0 P 0
L 3.3609587 0.8703581 3.3703528 0.860964 0 P 0
L 3.3609587 0.8753287 3.385315 0.899685 0 P 0
L 3.3612721 2.1337279 3.3612721 2.1358694 0 P 0
L 3.3612721 2.1358694 3.3612721 2.1388699 0 P 0
L 3.3612721 2.1618993 3.3612721 2.1832241 0 P 0
L 3.3612721 2.1832241 3.3797638 2.2017158 0 P 0
L 3.3635645 0.8496503 3.3703528 0.8564386 0 P 0
L 3.3635776 2.2295 3.368548 2.2295 0 P 0
L 3.3635776 2.2475 3.3760038 2.2475 0 P 0
L 3.3651857 1.9289028 3.3651857 1.9332324 0 P 0
L 3.368548 2.2295 3.3797638 2.2182842 0 P 0
L 3.3703528 0.8564386 3.3703528 0.860964 0 P 0
L 3.375 3.4209116 3.375 3.5603726 1 P 0
L 3.3760038 2.2475 3.3977638 2.22574 0 P 0
L 3.3792721 2.1262721 3.3792721 2.1757683 0 P 0
L 3.3792721 2.1757683 3.3977638 2.19426 0 P 0
L 3.3797638 2.2017158 3.3797638 2.2182842 0 P 0
L 3.385315 0.899685 3.55463 1.069 0 P 0
L 3.3902914 2.0536642 3.3902914 2.10773 0 P 0
L 3.3902914 2.0536642 3.4139386 2.030017 0 P 0
L 3.3902914 2.10773 3.4269386 2.1443772 0 P 0
L 3.391 3.4142842 3.391 3.567 1 P 0
L 3.3977638 2.19426 3.3977638 2.22574 0 P 0
L 3.406 1.66513 3.406 1.6651301 0 P 0
L 3.406 1.66513 3.4334229 1.6377071 0 P 0
L 3.4069732 2.3826436 3.4089484 2.3826436 0 P 0
L 3.4082914 2.06112 3.4082914 2.1002742 0 P 0
L 3.4082914 2.06112 3.4307331 2.0386783 0 P 0
L 3.4082914 2.1002742 3.432641 2.1246238 0 P 0
L 3.4139386 2.0230614 3.4139386 2.030017 0 P 0
L 3.4139386 2.0230614 3.417 2.02 0 P 0
L 3.4194967 0.746314 3.4471814 0.7186293 0 P 0
L 3.4269386 2.1443772 3.4269386 2.1519386 0 P 0
L 3.4269386 2.1519386 3.43 2.155 0 P 0
L 3.4307331 2.0386783 3.4383744 2.0386783 0 P 0
L 3.432641 2.1246238 3.4346754 2.1246238 0 P 0
L 3.4334229 1.6377071 3.4442929 1.6377071 0 P 0
L 3.4346754 2.1246238 3.4396355 2.1295839 0 P 0
L 3.4383744 2.0386783 3.4414358 2.0356169 0 P 0
L 3.4396355 2.1295839 3.4439651 2.1295839 0 P 0
L 3.4442929 1.6377071 3.447 1.635 0 P 0
L 3.4687089 0.6417316 3.496394 0.6694167 0 P 0
L 3.5471742 1.087 3.5555442 1.087 0 P 0
L 3.55463 1.069 3.563 1.069 0 P 0
L 3.5555442 1.087 3.751 1.2824558 0 P 0
L 3.563 1.069 3.769 1.275 0 P 0
L 3.5948192 0.6694167 3.6156145 0.6486214 0 P 0
L 3.5948192 0.7186293 3.6115043 0.7353144 0 P 0
L 3.6115043 0.7353144 3.6284541 0.7353144 0 P 0
L 3.6156145 0.6486214 3.6554993 0.6486214 0 P 0
L 3.6284541 0.7353144 3.6325643 0.7394246 0 P 0
L 3.6325643 0.7394246 3.6554993 0.7394246 0 P 0
L 3.6554993 0.6486214 3.6717169 0.664839 0 P 0
L 3.6554993 0.7394246 3.6717169 0.723207 0 P 0
L 3.6555 0.8377152 3.6555 0.8473152 0 P 0
L 3.6555 0.8377152 3.6587 0.8345152 0 P 0
L 3.6555 0.8473152 3.6587 0.8505152 0 P 0
L 3.6587 0.8345152 3.6719853 0.8345152 0 P 0
L 3.6587 0.8505152 3.6719853 0.8505152 0 P 0
L 3.6717169 0.664839 3.6717169 0.6815082 0 P 0
L 3.6717169 0.6815082 3.6752317 0.685023 0 P 0
L 3.6717169 0.7065378 3.6717169 0.723207 0 P 0
L 3.6717169 0.7065378 3.6752317 0.703023 0 P 0
L 3.6719853 0.8345152 3.6755 0.8310005 0 P 0
L 3.6719853 0.8505152 3.6755 0.8540299 0 P 0
L 3.6752317 0.685023 3.6876579 0.685023 0 P 0
L 3.6752317 0.703023 3.6802021 0.703023 0 P 0
L 3.6755 0.8060402 3.6755 0.828 0 P 0
L 3.6755 0.8060402 3.6837169 0.7978233 0 P 0
L 3.6755 0.828 3.6755 0.8310005 0 P 0
L 3.6755 0.8540299 3.6755 0.889 0 P 0
L 3.6755 0.889 3.6755 0.9153258 0 P 0
L 3.6755 0.9153258 3.749 0.9888258 0 P 0
L 3.6802021 0.703023 3.6837169 0.7065378 0 P 0
L 3.6837169 0.7065378 3.6837169 0.7978233 0 P 0
L 3.6876579 0.685023 3.7017169 0.699082 0 P 0
L 3.6935 0.813496 3.6935 0.90787 0 P 0
L 3.6935 0.813496 3.7017169 0.8052791 0 P 0
L 3.6935 0.90787 3.767 0.98137 0 P 0
L 3.7017169 0.699082 3.7017169 0.8052791 0 P 0
L 3.749 0.9888258 3.749 1.2255264 0 P 0
L 3.749 1.2255264 3.788 1.2645264 0 P 0
L 3.751 1.2824558 3.751 1.511 0 P 0
L 3.751 1.511 3.831 1.591 0 P 0
L 3.767 0.98137 3.767 1.2180706 0 P 0
L 3.767 1.2180706 3.806 1.2570706 0 P 0
L 3.769 1.275 3.769 1.5035442 0 P 0
L 3.769 1.5035442 3.849 1.5835442 0 P 0
L 3.779 1.915 3.7795148 1.915 0 P 0
L 3.779 1.955 3.7795148 1.955 0 P 0
L 3.7795148 1.915 3.7905148 1.926 0 P 0
L 3.7795148 1.955 3.7905148 1.944 0 P 0
L 3.78 1.6595 3.7805148 1.6595 0 P 0
L 3.78 1.6995 3.7805148 1.6995 0 P 0
L 3.7805148 1.6595 3.7915148 1.6705 0 P 0
L 3.7805148 1.6995 3.7915148 1.6885 0 P 0
L 3.788 1.2645264 3.788 1.443 0 P 0
L 3.788 1.443 3.86 1.515 0 P 0
L 3.7905148 1.926 3.822 1.926 0 P 0
L 3.7905148 1.944 3.8294558 1.944 0 P 0
L 3.7915148 1.6705 3.8274852 1.6705 0 P 0
L 3.7915148 1.6885 3.834941 1.6885 0 P 0
L 3.806 1.2570706 3.806 1.4355442 0 P 0
L 3.806 1.4355442 3.878 1.5075442 0 P 0
L 3.822 1.926 3.86 1.888 0 P 0
L 3.8274852 1.6705 3.831 1.6669852 0 P 0
L 3.8294558 1.944 3.878 1.8954558 0 P 0
L 3.831 1.591 3.831 1.6669852 0 P 0
L 3.834941 1.6885 3.849 1.674441 0 P 0
L 3.849 1.5835442 3.849 1.674441 0 P 0
L 3.86 1.515 3.86 1.888 0 P 0
L 3.878 1.5075442 3.878 1.8954558 0 P 0
P 2.2700154 0.7186303 4 P 0 0 ;0=0,1=0
P 2.319228 0.6694177 4 P 0 0 ;0=0,1=0
P 2.3684406 0.6694177 4 P 0 0 ;0=0,1=0
P 2.3684406 0.7186303 5 P 0 0 ;0=0,1=0
P 2.8211967 0.6694177 4 P 0 0 ;0=0,1=0
P 2.8211967 0.7186303 4 P 0 0 ;0=0,1=0
P 2.9688345 0.6694177 4 P 0 0 ;0=0,1=0
P 2.9688345 0.7186303 5 P 0 0 ;0=0,1=0
P 3.4471814 0.7186293 4 P 0 0 ;0=0,1=0
P 3.496394 0.6694167 4 P 0 0 ;0=0,1=0
P 3.5948192 0.6694167 4 P 0 0 ;0=0,1=0
P 3.5948192 0.7186293 5 P 0 0 ;0=0,1=0
P 1.2654939 3.4154939 6 P 0 0 ;0=1,1=1
P 1.286 3.436 6 P 0 0 ;0=1,1=1
P 1.3340218 3.7291088 6 P 0 0 ;0=1,1=1
P 1.359 3.749 6 P 0 0 ;0=1,1=1
P 1.376 2.972 6 P 0 0 ;0=1,1=1
P 1.379 3.3 6 P 0 0 ;0=1,1=1
P 1.4 3.257 6 P 0 0 ;0=1,1=1
P 1.411 3.555 6 P 0 0 ;0=1,1=1
P 1.433 2.946 6 P 0 0 ;0=1,1=1
P 1.447 3.559 6 P 0 0 ;0=1,1=1
P 1.603 2.932 6 P 0 0 ;0=1,1=1
P 1.606 3.246 6 P 0 0 ;0=1,1=1
P 1.636 3.448 6 P 0 0 ;0=1,1=1
P 1.637 3.013 6 P 0 0 ;0=1,1=1
P 1.639 2.614 6 P 0 0 ;0=1,1=1
P 1.658 3.25 6 P 0 0 ;0=1,1=1
P 1.7034939 3.2585061 6 P 0 0 ;0=1,1=1
P 1.724 3.238 6 P 0 0 ;0=1,1=1
P 1.7260902 3.7660902 6 P 0 0 ;0=1,1=1
P 1.7399932 2.9326688 6 P 0 0 ;0=1,1=1
P 1.7465963 3.7952406 6 P 0 0 ;0=1,1=1
P 1.788 2.982 6 P 0 0 ;0=1,1=1
P 1.82 2.613 6 P 0 0 ;0=1,1=1
P 1.839 1.7 6 P 0 0 ;0=1,1=1
P 1.857 2.417 6 P 0 0 ;0=1,1=1
P 1.874 3.6975 6 P 0 0 ;0=1,1=1
P 1.874 3.7265 6 P 0 0 ;0=1,1=1
P 1.936 2.605 6 P 0 0 ;0=1,1=1
P 1.9768138 1.5809717 6 P 0 0 ;0=1,1=1
P 1.9774939 3.2874939 6 P 0 0 ;0=1,1=1
P 1.998 3.308 6 P 0 0 ;0=1,1=1
P 2.002952 2.867126 6 P 0 0 ;0=1,1=1
P 2.0246063 2.0187008 6 P 0 0 ;0=1,1=1
P 2.0376144 1.7022123 6 P 0 0 ;0=1,1=1
P 2.041 2.955 6 P 0 0 ;0=1,1=1
P 2.0742919 2.3737004 6 P 0 0 ;0=1,1=1
P 2.0856299 2.9242126 6 P 0 0 ;0=1,1=1
P 2.0886973 1.7228305 6 P 0 0 ;0=1,1=1
P 2.12 1.775 6 P 0 0 ;0=1,1=1
P 2.1219333 1.6970633 6 P 0 0 ;0=1,1=1
P 2.1400919 2.1233072 6 P 0 0 ;0=1,1=1
P 2.154 1.665 6 P 0 0 ;0=1,1=1
P 2.1692677 1.89 6 P 0 0 ;0=1,1=1
P 2.1696969 2.2563151 6 P 0 0 ;0=1,1=1
P 2.175 2.358 6 P 0 0 ;0=1,1=1
P 2.225 2.935 6 P 0 0 ;0=1,1=1
P 2.289 1.787 6 P 0 0 ;0=1,1=1
P 2.3 1.928 6 P 0 0 ;0=1,1=1
P 2.3375984 2.9114173 6 P 0 0 ;0=1,1=1
P 2.3658268 2.0965906 6 P 0 0 ;0=1,1=1
P 2.372 1.881 6 P 0 0 ;0=1,1=1
P 2.402 2.201 6 P 0 0 ;0=1,1=1
P 2.4058268 2.097 6 P 0 0 ;0=1,1=1
P 2.423 1.885 6 P 0 0 ;0=1,1=1
P 2.426 2.961 6 P 0 0 ;0=1,1=1
P 2.438 1.791 6 P 0 0 ;0=1,1=1
P 2.46 2.993 6 P 0 0 ;0=1,1=1
P 2.4622254 2.4832254 6 P 0 0 ;0=1,1=1
P 2.48 2.009 6 P 0 0 ;0=1,1=1
P 2.509 2.009 6 P 0 0 ;0=1,1=1
P 2.5430108 2.2779885 6 P 0 0 ;0=1,1=1
P 2.569 2.903 6 P 0 0 ;0=1,1=1
P 2.5699064 3.1420936 6 P 0 0 ;0=1,1=1
P 2.583 2.952 6 P 0 0 ;0=1,1=1
P 2.5947158 2.9992842 6 P 0 0 ;0=1,1=1
P 2.6077454 1.8727144 6 P 0 0 ;0=1,1=1
P 2.621063 2.2116142 6 P 0 0 ;0=1,1=1
P 2.625 2.0074762 6 P 0 0 ;0=1,1=1
P 2.627 2.243 6 P 0 0 ;0=1,1=1
P 2.636 3.131 6 P 0 0 ;0=1,1=1
P 2.667 3.265 6 P 0 0 ;0=1,1=1
P 2.697 2.209 6 P 0 0 ;0=1,1=1
P 2.715 2.254 6 P 0 0 ;0=1,1=1
P 2.7224409 2.003937 6 P 0 0 ;0=1,1=1
P 2.742 2.868 6 P 0 0 ;0=1,1=1
P 2.765 3.285 6 P 0 0 ;0=1,1=1
P 2.769 1.6666063 6 P 0 0 ;0=1,1=1
P 2.7745 1.8825 6 P 0 0 ;0=1,1=1
P 2.7758815 3.4667472 6 P 0 0 ;0=1,1=1
P 2.7873218 2.3773801 6 P 0 0 ;0=1,1=1
P 2.7890795 2.9161252 6 P 0 0 ;0=1,1=1
P 2.81 1.963 6 P 0 0 ;0=1,1=1
P 2.81 2.092 6 P 0 0 ;0=1,1=1
P 2.8719106 3.2509106 6 P 0 0 ;0=1,1=1
P 2.877 2.59 6 P 0 0 ;0=1,1=1
P 2.8931266 3.346 6 P 0 0 ;0=1,1=1
P 2.917 2.943 6 P 0 0 ;0=1,1=1
P 2.931 2.056 6 P 0 0 ;0=1,1=1
P 2.936 2.322 6 P 0 0 ;0=1,1=1
P 2.946 2.952 6 P 0 0 ;0=1,1=1
P 2.956 2.6661969 6 P 0 0 ;0=1,1=1
P 2.9701815 3.2182912 6 P 0 0 ;0=1,1=1
P 2.994 1.68 6 P 0 0 ;0=1,1=1
P 3.0181795 2.9371352 6 P 0 0 ;0=1,1=1
P 3.038 2.151 6 P 0 0 ;0=1,1=1
P 3.067 2.1585566 6 P 0 0 ;0=1,1=1
P 3.07 2.51 6 P 0 0 ;0=1,1=1
P 3.097 1.889 6 P 0 0 ;0=1,1=1
P 3.113 1.792 6 P 0 0 ;0=1,1=1
P 3.116 2.616 6 P 0 0 ;0=1,1=1
P 3.1162316 2.5036262 6 P 0 0 ;0=1,1=1
P 3.123 2.136 6 P 0 0 ;0=1,1=1
P 3.123 3.215 6 P 0 0 ;0=1,1=1
P 3.135 3.452 6 P 0 0 ;0=1,1=1
P 3.139 2.095 6 P 0 0 ;0=1,1=1
P 3.155 1.723 6 P 0 0 ;0=1,1=1
P 3.158 2.292 6 P 0 0 ;0=1,1=1
P 3.158 3.167 6 P 0 0 ;0=1,1=1
P 3.168435 2.513565 6 P 0 0 ;0=1,1=1
P 3.1729375 2.9417172 6 P 0 0 ;0=1,1=1
P 3.174 2.477 6 P 0 0 ;0=1,1=1
P 3.1830709 1.9013296 6 P 0 0 ;0=1,1=1
P 3.245 1.778 6 P 0 0 ;0=1,1=1
P 3.253 3.387 6 P 0 0 ;0=1,1=1
P 3.263 1.697 6 P 0 0 ;0=1,1=1
P 3.273 3.738 6 P 0 0 ;0=1,1=1
P 3.274 1.928 6 P 0 0 ;0=1,1=1
P 3.28 2.979 6 P 0 0 ;0=1,1=1
P 3.286 2.2998344 6 P 0 0 ;0=1,1=1
P 3.29 3.714 6 P 0 0 ;0=1,1=1
P 3.295 2.604 6 P 0 0 ;0=1,1=1
P 3.306 1.855 6 P 0 0 ;0=1,1=1
P 3.308 3.147 6 P 0 0 ;0=1,1=1
P 3.308 3.176 6 P 0 0 ;0=1,1=1
P 3.336 1.92 6 P 0 0 ;0=1,1=1
P 3.3577638 2.267 6 P 0 0 ;0=1,1=1
P 3.3597638 2.21 6 P 0 0 ;0=1,1=1
P 3.3651857 1.9289028 6 P 0 0 ;0=1,1=1
P 3.4089484 2.3826436 6 P 0 0 ;0=1,1=1
P 3.417 2.02 6 P 0 0 ;0=1,1=1
P 3.43 2.155 6 P 0 0 ;0=1,1=1
P 3.4414358 2.0356169 6 P 0 0 ;0=1,1=1
P 3.4439651 2.1295839 6 P 0 0 ;0=1,1=1
P 3.447 1.635 6 P 0 0 ;0=1,1=1
P 3.779 1.915 6 P 0 0 ;0=1,1=1
P 3.779 1.955 6 P 0 0 ;0=1,1=1
P 3.78 1.6595 6 P 0 0 ;0=1,1=1
P 3.78 1.6995 6 P 0 0 ;0=1,1=1
